1.321 0
2.322 0
3.322 2
4.322 4
5.323 4
6.323 4
7.324 7
8.324 9
9.324 10
10.325 17
11.326 20
12.326 19
13.326 18
14.327 18
15.327 19
16.328 19
17.328 19
18.329 21
19.329 21
20.330 24
21.330 24
22.330 28
23.331 31
24.331 34
25.331 36
26.332 36
27.332 37
28.333 35
29.333 34
30.333 34
31.334 35
32.334 35
33.335 39
34.335 40
35.335 40
36.336 40
37.336 40
38.337 41
39.337 41
40.337 41
41.338 43
42.338 44
43.339 47
44.339 49
45.339 50
46.339 57
47.340 59
48.340 59
49.341 65
50.341 68
51.341 68
52.342 68
53.342 69
54.343 69
55.343 67
56.343 67
57.344 67
58.344 70
59.344 70
60.345 70
61.345 70
62.346 70
63.346 71
64.346 74
65.347 76
66.347 79
67.348 80
68.348 81
69.348 81
70.349 81
71.349 81
72.349 81
73.350 81
74.350 82
75.351 90
76.351 89
77.351 90
78.352 89
79.352 89
80.353 89
81.353 89
82.354 90
83.354 92
84.354 91
85.355 91
86.355 90
87.355 90
88.356 90
89.356 94
90.357 98
91.357 100
92.357 102
93.358 103
94.358 102
95.359 109
96.359 111
97.360 112
98.360 112
99.360 111
100.361 110
101.361 108
102.362 108
103.362 108
104.362 112
105.363 113
106.363 114
107.364 114
108.365 116
109.365 116
110.366 116
111.366 117
112.366 117
113.367 119
114.367 122
115.368 123
116.368 122
117.368 125
118.369 127
119.369 128
120.369 129
121.370 127
122.370 128
123.370 127
124.371 125
125.371 124
126.372 124
127.372 124
128.373 126
129.373 126
130.374 127
131.374 127
132.374 127
133.375 129
134.375 129
135.376 129
136.376 132
137.377 133
138.377 135
139.377 136
140.378 132
141.378 131
142.379 131
143.379 136
144.379 135
145.380 135
146.380 135
147.381 135
148.382 134
149.382 138
150.383 138
151.383 139
152.383 139
153.384 139
154.384 140
155.385 140
156.385 140
157.385 143
158.386 148
159.386 148
160.386 148
161.387 153
162.387 152
163.387 151
164.388 150
165.389 153
166.389 154
167.389 154
168.390 152
169.390 149
170.391 150
171.391 150
172.392 151
173.392 151
174.393 150
175.393 152
176.394 151
177.394 148
178.394 149
179.395 149
180.395 148
181.396 151
182.396 153
183.397 154
184.397 156
185.398 156
186.398 158
187.398 157
188.399 154
189.399 154
190.400 152
191.401 154
192.401 154
193.402 155
194.402 154
195.403 155
196.403 155
197.404 155
198.404 156
199.404 158
200.405 160
201.405 160
202.406 162
203.406 162
204.407 165
205.407 166
206.408 167
207.408 169
208.408 168
209.409 168
210.409 170
211.410 171
212.410 172
213.410 172
214.411 177
215.411 178
216.411 179
217.412 180
218.412 181
219.413 185
220.413 183
221.414 183
222.414 187
223.414 187
224.415 189
225.415 191
226.416 189
227.416 188
228.417 189
229.417 189
230.417 192
231.418 192
232.418 195
233.419 193
234.419 194
235.420 194
236.420 196
237.421 197
238.421 198
239.421 201
240.422 202
241.422 207
242.423 207
243.423 210
244.423 213
245.424 217
246.424 218
247.425 219
248.425 219
249.426 221
250.426 220
251.427 219
252.427 220
253.427 222
254.427 224
255.428 221
256.428 223
257.428 222
258.429 222
259.429 221
260.430 221
261.430 218
262.430 217
263.431 219
264.431 220
265.432 220
266.432 217
267.432 217
268.433 220
269.433 223
270.434 224
271.434 230
272.434 232
273.435 232
274.435 232
275.435 231
276.436 234
277.436 235
278.437 234
279.437 234
280.437 235
281.438 234
282.438 237
283.438 240
284.439 242
285.439 249
286.439 249
287.440 245
288.440 244
289.440 248
290.441 252
291.442 252
292.442 252
293.642 251
294.643 252
295.643 250
296.643 255
297.644 253
298.644 254
299.645 254
300.645 252
301.645 253
302.646 254
303.646 254
304.647 258
305.647 257
306.648 255
307.648 259
308.648 261
309.649 259
310.649 258
311.650 256
312.650 255
313.651 255
314.651 254
315.651 253
316.652 252
317.652 251
318.652 251
319.653 252
320.653 251
321.653 257
322.654 254
323.654 253
324.654 257
325.655 260
326.655 259
327.656 261
328.656 260
329.656 261
330.657 262
331.657 263
332.658 262
333.658 264
334.659 265
335.659 269
336.659 269
337.660 272
338.660 272
339.661 274
340.661 276
341.661 277
342.662 277
343.662 277
344.663 276
345.663 280
346.664 282
347.664 281
348.664 282
349.665 277
350.665 278
351.665 278
352.666 278
353.666 277
354.667 273
355.667 273
356.667 272
357.668 273
358.668 272
359.668 272
360.669 273
361.669 271
362.669 271
363.670 272
364.670 272
365.671 275
366.671 275
367.672 275
368.672 275
369.672 277
370.673 277
371.673 277
372.673 276
373.674 278
374.674 275
375.675 273
376.675 272
377.675 277
378.676 279
379.676 278
380.676 282
381.677 280
382.677 278
383.677 277
384.678 279
385.678 281
386.678 281
387.679 281
388.679 281
389.680 278
390.680 276
391.681 278
392.681 279
393.682 279
394.682 278
395.682 278
396.683 276
397.683 282
398.683 282
399.684 283
400.684 281
401.684 281
402.685 283
403.685 284
404.686 282
405.686 282
406.686 283
407.687 280
408.687 278
409.688 278
410.688 280
411.689 280
412.689 286
413.689 285
414.690 284
415.690 284
416.690 285
417.691 283
418.691 283
419.692 280
420.692 278
421.692 277
422.693 277
423.693 277
424.693 276
425.694 275
426.694 276
427.694 278
428.695 277
429.695 275
430.695 276
431.696 273
432.696 273
433.696 273
434.697 272
435.697 272
436.698 273
437.698 273
438.698 272
439.699 271
440.699 271
441.700 275
442.700 278
443.700 280
444.701 282
445.701 284
446.702 283
447.702 284
448.703 284
449.703 277
450.704 281
451.704 280
452.705 279
453.705 279
454.705 278
455.706 279
456.706 280
457.707 276
458.707 276
459.708 279
460.708 283
461.708 278
462.709 280
463.709 284
464.709 285
465.710 283
466.710 282
467.711 280
468.711 280
469.711 278
470.711 280
471.712 279
472.712 276
473.712 275
474.713 277
475.713 276
476.713 276
477.714 277
478.714 276
479.715 280
480.715 280
481.715 280
482.716 280
483.716 281
484.716 281
485.717 281
486.717 282
487.718 282
488.718 280
489.719 279
490.719 278
491.720 277
492.720 276
493.720 275
494.721 274
495.721 273
496.721 270
497.722 270
498.722 269
499.723 273
500.723 274
501.724 272
502.724 275
503.724 275
504.725 276
505.725 277
506.726 273
507.726 272
508.726 271
509.726 270
510.726 269
511.727 271
512.727 272
513.728 271
514.728 271
515.728 270
516.729 267
517.729 267
518.729 265
519.730 269
520.730 271
521.730 272
522.730 274
523.730 272
524.731 274
525.731 278
526.731 282
527.731 280
528.732 282
529.732 279
530.732 281
531.732 279
532.733 280
533.733 281
534.733 282
535.734 280
536.734 274
537.734 273
538.734 270
539.735 271
540.735 275
541.736 276
542.736 275
543.737 273
544.737 271
545.737 269
546.737 270
547.738 268
548.738 268
549.739 270
550.739 268
551.739 268
552.739 266
553.740 266
554.740 266
555.740 268
556.741 271
557.741 271
558.741 273
559.741 271
560.742 276
561.742 277
562.742 277
563.742 275
564.743 275
565.743 275
566.743 274
567.744 273
568.744 276
569.744 274
570.745 274
571.745 271
572.745 271
573.746 269
574.746 266
575.746 270
576.746 270
577.747 268
578.747 266
579.747 266
580.747 265
581.748 267
582.748 267
583.748 266
584.749 269
585.749 268
586.749 267
587.749 268
588.750 269
589.750 267
590.750 265
591.750 261
592.751 261
593.751 258
594.751 258
595.752 257
596.752 256
597.752 253
598.753 255
599.753 253
600.753 253
601.754 253
602.754 251
603.754 251
604.755 251
605.755 251
606.755 250
607.755 249
608.755 248
609.756 247
610.756 244
611.756 245
612.757 245
613.757 243
614.757 248
615.758 248
616.758 247
617.759 246
618.759 244
619.759 247
620.759 248
621.760 245
622.760 241
623.761 241
624.761 244
625.761 241
626.762 237
627.762 237
628.762 239
629.762 237
630.763 236
631.763 237
632.763 235
633.763 236
634.764 236
635.764 234
636.764 234
637.765 233
638.765 231
639.765 231
640.766 230
641.766 233
642.766 232
643.766 234
644.766 232
645.766 230
646.767 231
647.767 231
648.767 234
649.768 235
650.768 242
651.768 243
652.769 245
653.769 244
654.769 241
655.770 238
656.770 238
657.770 238
658.770 240
659.771 237
660.771 236
661.771 236
662.772 230
663.772 234
664.772 233
665.773 229
666.773 229
667.773 230
668.773 233
669.774 233
670.774 232
671.775 230
672.775 230
673.775 228
674.775 228
675.776 227
676.776 226
677.776 227
678.776 225
679.777 229
680.777 234
681.777 231
682.778 230
683.778 231
684.778 230
685.779 228
686.779 228
687.780 227
688.780 223
689.780 224
690.780 226
691.781 226
692.781 228
693.781 226
694.782 225
695.782 224
696.782 229
697.783 236
698.783 240
699.783 241
700.783 241
701.784 241
702.784 240
703.785 242
704.785 240
705.785 238
706.786 238
707.786 236
708.786 236
709.786 236
710.787 236
711.787 235
712.787 236
713.787 238
714.787 239
715.788 237
716.788 239
717.788 240
718.789 235
719.789 237
720.790 238
721.790 238
722.790 236
723.791 236
724.791 235
725.792 234
726.792 232
727.792 233
728.793 231
729.793 231
730.793 230
731.794 230
732.794 231
733.794 232
734.795 230
735.795 230
736.795 231
737.795 230
738.795 229
739.796 233
740.796 237
741.796 236
742.797 236
743.797 234
744.797 233
745.798 231
746.798 230
747.798 227
748.799 227
749.799 229
750.799 232
751.799 233
752.799 234
753.800 234
754.800 232
755.800 232
756.800 231
757.801 228
758.801 224
759.801 227
760.802 227
761.802 227
762.802 226
763.802 225
764.803 224
765.803 224
766.803 224
767.804 225
768.804 230
769.804 230
770.805 230
771.805 229
772.805 230
773.805 229
774.806 231
775.806 233
776.806 232
777.807 233
778.807 234
779.807 235
780.807 235
781.808 240
782.808 240
783.809 239
784.809 238
785.809 238
786.809 240
787.810 240
788.810 239
789.810 241
790.811 241
791.811 243
792.812 246
793.812 247
794.812 242
795.812 239
796.813 240
797.813 242
798.813 239
799.814 238
800.814 243
801.814 242
802.815 240
803.815 241
804.815 242
805.816 247
806.816 249
807.816 248
808.817 248
809.817 246
810.817 243
811.817 243
812.818 246
813.818 245
814.818 246
815.819 245
816.819 240
817.820 241
818.820 240
819.820 241
820.821 239
821.821 238
822.821 239
823.822 238
824.822 238
825.822 238
826.822 242
827.823 242
828.823 242
829.823 245
830.824 244
831.824 245
832.824 246
833.825 247
834.825 250
835.825 247
836.825 244
837.826 242
838.826 245
839.826 245
840.827 246
841.827 248
842.827 245
843.828 245
844.828 245
845.828 244
846.828 244
847.828 243
848.829 242
849.829 242
850.830 242
851.830 243
852.830 242
853.831 250
854.831 251
855.831 252
856.831 254
857.832 252
858.832 251
859.833 250
860.833 250
861.833 248
862.833 249
863.834 252
864.834 258
865.835 259
866.835 258
867.835 259
868.835 261
869.836 263
870.836 263
871.836 265
872.836 264
873.837 267
874.837 268
875.837 267
876.838 267
877.838 267
878.838 266
879.839 266
881.039 265
882.039 267
883.040 266
884.040 267
885.040 265
886.040 263
887.041 262
888.041 261
889.041 261
890.042 263
891.042 264
892.043 262
893.043 260
894.043 264
895.044 263
896.044 264
897.044 266
898.044 266
899.045 266
900.045 264
901.046 264
902.046 264
903.046 264
904.047 264
905.047 262
906.047 263
907.047 260
908.048 262
909.048 260
910.049 260
911.049 264
912.049 264
913.050 267
914.050 267
915.050 267
916.051 265
917.051 264
918.051 270
919.051 271
920.052 275
921.052 276
922.053 275
923.053 276
924.053 276
925.054 290
926.054 288
927.054 288
928.055 286
929.055 283
930.055 281
931.055 281
932.056 281
933.056 276
934.057 274
935.057 274
936.057 274
937.057 277
938.058 277
939.058 278
940.058 278
941.059 280
942.059 281
943.059 279
944.060 278
945.060 275
946.060 274
947.061 277
948.061 277
949.061 280
950.062 281
951.062 286
952.062 282
953.063 282
954.063 281
955.063 281
956.063 281
957.063 281
958.064 279
959.064 278
960.064 278
961.065 278
962.065 278
963.065 275
964.066 276
965.066 280
966.066 278
967.067 278
968.067 279
969.067 278
970.067 277
971.068 277
972.068 274
973.068 272
974.069 271
975.069 272
976.069 271
977.070 270
978.070 268
979.070 271
980.071 270
981.071 267
982.071 266
983.072 266
984.072 266
985.072 267
986.073 269
987.073 270
988.073 273
989.074 274
990.074 277
991.074 276
992.075 276
993.075 278
994.075 278
995.076 276
996.076 276
997.076 277
998.077 275
999.077 275
1000.077 275
1001.078 274
1002.078 279
1003.079 284
1004.079 284
1005.079 282
1006.079 280
1007.080 284
1008.080 284
1009.081 285
1010.081 281
1011.081 279
1012.082 278
1013.082 274
1014.082 272
1015.082 273
1016.083 275
1017.083 275
1018.083 275
1019.083 274
1020.084 271
1021.084 271
1022.084 270
1023.085 270
1024.085 276
1025.086 274
1026.086 274
1027.086 278
1028.087 276
1029.087 275
1030.088 275
1031.089 278
1032.089 285
1033.090 284
1034.090 284
1035.091 286
1036.091 285
1037.092 285
1038.092 287
1039.093 289
1040.093 290
1041.094 291
1042.094 297
1043.095 297
1044.095 292
1045.095 291
1046.096 292
1047.096 292
1048.097 292
1049.097 289
1050.097 288
1051.098 286
1052.098 285
1053.099 286
1054.099 286
1055.100 285
1056.101 281
1057.101 286
1058.102 287
1059.102 286
1060.103 287
1061.103 287
1062.104 293
1063.104 297
1064.105 295
1065.105 298
1066.106 298
1067.106 301
1068.107 304
1069.108 303
1070.108 303
1071.108 303
1072.109 305
1073.109 305
1074.110 304
1075.110 303
1076.111 301
1077.111 300
1078.112 299
1079.112 297
1080.113 299
1081.113 304
1082.114 306
1083.114 303
1084.115 303
1085.115 306
1086.116 310
1087.116 309
1088.117 307
1089.117 309
1090.117 309
1091.118 306
1092.119 307
1093.119 305
1094.120 305
1095.120 299
1096.120 297
1097.121 299
1098.122 299
1099.123 301
1100.124 301
1101.124 302
1102.124 304
1103.125 307
1104.125 306
1105.126 306
1106.127 304
1107.127 305
1108.127 302
1109.128 303
1110.128 301
1111.129 300
1112.129 298
1113.130 296
1114.130 295
1115.131 297
1116.131 295
1117.132 295
1118.132 293
1119.133 291
1120.133 291
1121.133 295
1122.134 295
1123.135 293
1124.135 293
1125.135 292
1126.136 292
1127.136 291
1128.137 292
1129.137 289
1130.138 284
1131.138 285
1132.139 281
1133.139 280
1134.140 280
1135.140 281
1136.141 281
1137.141 280
1138.142 279
1139.142 276
1140.143 272
1141.143 271
1142.144 276
1143.144 280
1144.145 284
1145.145 285
1146.146 284
1147.146 282
1148.147 281
1149.147 281
1150.148 278
1151.148 277
1152.149 275
1153.149 273
1154.150 271
1155.150 271
1156.151 274
1157.151 278
1158.151 279
1159.152 276
1160.152 276
1161.153 277
1162.153 277
1163.154 276
1164.154 274
1165.155 273
1166.155 272
1167.156 271
1168.156 272
1169.157 276
1170.157 279
1171.158 279
1172.158 280
1173.159 278
1174.159 276
1175.160 278
1176.160 277
1177.161 281
1178.161 279
1179.162 279
1180.162 279
1181.163 277
1182.163 276
1183.164 279
1184.164 284
1185.164 283
1186.165 283
1187.165 283
1188.166 285
1189.166 283
1190.167 280
1191.167 281
1192.168 277
1193.168 276
1194.169 275
1195.169 277
1196.179 279
1197.179 277
1198.180 278
1199.180 277
1200.181 275
1201.181 274
1202.182 272
1203.182 272
1204.182 271
1205.183 268
1206.183 274
1207.184 270
1208.184 271
1209.185 270
1210.185 275
1211.186 274
1212.386 272
1213.387 274
1214.387 272
1215.388 270
1216.388 270
1217.389 266
1218.389 266
1219.389 268
1220.390 271
1221.390 271
1222.391 273
1223.391 273
1224.392 275
1225.392 275
1226.393 276
1227.393 274
1228.394 282
1229.394 283
1230.395 283
1231.395 282
1232.396 283
1233.396 283
1234.397 283
1235.397 283
1236.397 285
1237.398 283
1238.398 282
1239.399 282
1240.399 280
1241.400 278
1242.400 280
1243.400 281
1244.401 281
1245.401 281
1246.402 280
1247.402 282
1248.403 286
1249.403 287
1250.404 286
1251.404 285
1252.405 285
1253.405 286
1254.406 284
1255.406 283
1256.407 283
1257.407 282
1258.408 282
1259.408 280
1260.409 282
1261.409 287
1262.410 287
1263.410 286
1264.411 288
1265.411 287
1266.411 283
1267.412 283
1268.413 283
1269.413 281
1270.413 280
1271.414 277
1272.414 277
1273.415 277
1274.415 281
1275.416 279
1276.416 281
1277.417 280
1278.417 280
1279.417 276
1280.418 278
1281.419 277
1282.419 283
1283.419 280
1284.420 279
1285.420 275
1286.421 276
1287.421 275
1288.422 274
1289.422 282
1290.423 284
1291.423 283
1292.423 279
1293.424 279
1294.424 285
1295.425 283
1296.425 282
1297.426 279
1298.426 279
1299.426 276
1300.427 275
1301.427 274
1302.428 274
1303.428 275
1304.429 281
1305.429 279
1306.430 280
1307.430 279
1308.431 280
1309.432 278
1310.432 276
1311.433 279
1312.433 285
1313.433 285
1314.434 290
1315.434 289
1316.435 290
1317.435 291
1318.436 294
1319.437 295
1320.437 290
1321.438 292
1322.438 295
1323.439 293
1324.439 297
1325.440 296
1326.440 301
1327.441 302
1328.441 303
1329.442 304
1330.442 305
1331.443 302
1332.443 303
1333.444 304
1334.444 307
1335.444 308
1336.445 305
1337.445 302
1338.446 301
1339.446 301
1340.447 300
1341.447 300
1342.448 301
1343.448 299
1344.449 302
1345.449 306
1346.450 308
1347.450 309
1348.451 309
1349.451 309
1350.451 311
1351.452 311
1352.453 311
1353.453 309
1354.454 308
1355.454 308
1356.455 312
1357.455 315
1358.456 314
1359.456 316
1360.457 321
1361.457 321
1362.457 320
1363.458 319
1364.458 315
1365.459 312
1366.459 310
1367.460 311
1368.460 310
1369.461 308
1370.461 305
1371.462 304
1372.463 307
1373.463 305
1374.464 306
1375.464 302
1376.464 303
1377.465 301
1378.465 303
1379.466 303
1380.466 301
1381.466 301
1382.467 300
1383.468 299
1384.468 299
1385.469 302
1386.469 303
1387.469 301
1388.470 299
1389.470 301
1390.471 300
1391.471 303
1392.472 301
1393.472 301
1394.473 298
1395.473 299
1396.474 297
1397.475 296
1398.475 295
1399.476 294
1400.476 293
1401.476 289
1402.477 290
1403.477 288
1404.478 287
1405.478 290
1406.479 290
1407.479 291
1408.680 291
1409.680 292
1410.680 293
1411.684 290
1412.685 289
1413.686 294
1414.686 293
1415.687 294
1416.687 287
1417.688 290
1418.688 291
1419.688 289
1420.689 289
1421.690 292
1422.690 290
1423.691 287
1424.691 287
1425.691 287
1426.692 289
1427.692 288
1428.693 288
1429.693 294
1430.694 293
1431.694 294
1432.695 292
1433.695 290
1434.695 291
1435.696 291
1436.696 288
1437.697 287
1438.698 286
1439.698 283
1440.698 283
1441.699 283
1442.700 283
1443.701 285
1444.701 291
1445.702 293
1446.702 292
1447.703 295
1448.703 296
1449.704 296
1450.705 294
1451.705 289
1452.706 291
1453.706 290
1454.707 290
1455.707 289
1456.708 289
1457.708 290
1458.709 288
1459.709 296
1460.709 295
1461.710 295
1462.710 290
1463.711 292
1464.711 291
1465.712 291
1466.712 289
1467.713 285
1468.713 288
1469.713 288
1470.714 287
1471.714 285
1472.715 285
1473.715 285
1474.716 284
1475.716 282
1476.717 282
1477.717 283
1478.718 287
1479.718 292
1480.719 290
1481.719 290
1482.720 288
1483.721 286
1484.721 287
1485.722 287
1486.722 286
1487.723 286
1488.725 289
1489.725 287
1490.726 290
1491.726 295
1492.727 296
1493.727 298
1494.728 296
1495.729 296
1496.729 295
1497.729 289
1498.730 287
1499.731 284
1500.731 277
1501.732 275
1502.732 273
1503.732 272
1504.733 274
1505.734 277
1506.734 277
1507.735 274
1508.735 275
1509.736 280
1510.736 280
1511.737 281
1512.737 283
1513.737 287
1514.738 286
1515.738 285
1516.739 285
1517.739 283
1518.740 280
1519.740 280
1520.741 281
1521.741 276
1522.742 279
1523.742 280
1524.743 281
1525.743 279
1526.743 278
1527.744 280
1528.744 292
1529.745 290
1530.745 286
1531.746 285
1532.746 285
1533.747 285
1534.748 289
1535.748 289
1536.748 288
1537.749 293
1538.749 292
1539.750 291
1540.751 290
1541.751 291
1542.751 293
1543.752 293
1544.752 293
1545.753 292
1546.754 298
1547.754 298
1548.755 297
1549.755 301
1550.755 297
1551.756 297
1552.756 296
1553.757 296
1554.757 293
1555.758 292
1556.758 291
1557.759 286
1558.759 287
1559.760 290
1560.760 292
1561.762 290
1562.762 289
1563.763 291
1564.764 293
1565.768 295
1566.768 297
1567.769 296
1568.769 296
1569.770 292
1570.770 286
1571.771 285
1572.771 284
1573.773 282
1574.774 278
1575.774 278
1576.775 276
1577.775 272
1578.776 273
1579.776 273
1580.777 272
1581.777 276
1582.778 274
1583.778 272
1584.779 272
1585.780 277
1586.780 276
1587.781 275
1588.781 274
1589.782 274
1590.782 273
1591.783 272
1592.783 271
1593.784 271
1594.785 271
1595.785 269
1596.785 268
1597.786 268
1598.786 268
1599.787 268
1600.787 273
1601.788 271
1602.788 272
1603.789 272
1604.789 272
1605.790 272
1606.790 272
1607.790 270
1608.791 272
1609.792 272
1610.792 274
1611.793 274
1612.794 273
1613.794 279
1614.795 283
1615.795 285
1616.796 284
1617.796 284
1618.797 284
1619.797 283
1620.798 285
1621.798 286
1622.799 284
1623.799 283
1624.800 280
1625.800 280
1626.800 282
1627.801 281
1628.801 281
1629.802 279
1630.802 285
1631.803 286
1632.803 288
1633.804 286
1634.804 286
1635.805 283
1636.805 282
1637.806 281
1638.806 281
1639.807 283
1640.807 283
1641.808 282
1642.808 281
1643.809 277
1644.809 279
1645.810 281
1646.810 283
1647.811 283
1648.811 283
1649.812 280
1650.812 280
1651.813 280
1652.813 275
1653.813 275
1654.814 273
1655.814 273
1656.815 274
1657.815 276
1658.816 273
1659.816 278
1660.816 281
1661.817 284
1662.817 281
1663.818 281
1664.818 279
1665.819 277
1666.819 277
1667.820 275
1668.820 278
1669.821 274
1670.821 272
1671.822 272
1672.822 271
1673.823 269
1674.823 269
1675.824 270
1676.824 268
1677.825 268
1678.825 268
1679.825 268
1680.826 270
1681.826 269
1682.827 272
1683.827 271
1684.828 269
1685.828 272
1686.829 271
1687.829 270
1688.829 271
1689.830 270
1690.830 271
1691.831 269
1692.831 270
1693.832 268
1694.832 265
1695.833 264
1696.833 265
1697.834 263
1698.835 262
1699.835 260
1700.836 260
1701.836 266
1702.837 266
1703.838 270
1704.838 269
1705.838 267
1706.839 265
1707.839 264
1708.840 264
1709.840 261
1710.841 263
1711.841 261
1712.842 258
1713.842 258
1714.842 260
1715.843 258
1716.843 261
1717.844 258
1718.844 258
1719.845 257
1720.845 256
1721.845 253
1722.846 251
1723.846 257
1724.847 260
1725.847 257
1726.848 252
1727.848 257
1728.849 254
1729.849 255
1730.849 255
1731.850 253
1732.850 252
1733.851 250
1734.851 250
1735.852 249
1736.852 249
1737.852 254
1738.853 252
1739.853 252
1740.854 253
1741.854 251
1742.855 252
1743.855 252
1744.856 249
1745.856 250
1746.857 252
1747.857 252
1748.858 253
1749.858 251
1750.859 251
1751.859 253
1752.860 253
1753.860 253
1754.861 252
1755.861 252
1756.862 249
1757.862 250
1758.863 247
1759.863 246
1760.864 243
1761.864 245
1762.865 247
1763.865 246
1764.865 243
1765.866 241
1766.867 240
1767.867 239
1768.868 239
1769.868 238
1770.869 235
1771.869 235
1772.870 232
1773.870 233
1774.870 231
1775.871 229
1776.871 228
1777.872 226
1778.872 225
1779.873 226
1780.873 228
1781.874 232
1782.874 233
1783.875 234
1784.875 233
1785.876 232
1786.876 230
1787.877 232
1788.877 231
1789.878 231
1790.878 228
1791.879 229
1792.879 229
1793.880 228
1794.880 226
1795.881 226
1796.881 232
1797.882 233
1798.882 233
1799.883 233
1800.883 234
1801.883 233
1802.884 234
1803.884 232
1804.885 234
1805.885 233
1806.886 232
1807.886 232
1808.886 233
1809.887 232
1810.887 234
1811.888 238
1812.888 237
1813.889 235
1814.889 233
1815.890 231
1816.890 233
1817.890 237
1818.891 239
1819.891 241
1820.891 243
1821.892 246
1822.892 247
1823.893 252
1824.893 254
1825.894 255
1826.894 253
1827.895 256
1828.895 255
1829.896 254
1830.896 251
1831.897 251
1832.897 251
1833.897 254
1834.898 254
1835.899 253
1836.899 249
1837.900 248
1838.901 246
1839.901 244
1840.901 243
1841.902 244
1842.902 245
1843.903 242
1844.903 241
1845.904 242
1846.904 248
1847.904 248
1848.905 252
1849.906 251
1850.906 252
1851.907 250
1852.907 247
1853.908 245
1854.908 243
1855.909 241
1856.909 240
1857.909 238
1858.910 237
1859.910 238
1860.911 236
1861.911 238
1862.912 237
1863.913 235
1864.913 234
1865.914 234
1866.914 236
1867.915 234
1868.915 234
1869.916 233
1870.916 232
1871.916 234
1872.917 232
1873.918 229
1874.918 235
1875.919 236
1876.919 234
1877.920 233
1878.920 232
1879.921 232
1880.921 232
1881.922 234
1882.922 238
1883.923 238
1884.923 236
1885.924 234
1886.924 236
1887.924 242
1888.925 242
1889.925 241
1890.926 239
1891.926 238
1892.927 241
1893.927 242
1894.928 240
1895.928 239
1896.929 238
1897.929 237
1898.930 237
1899.930 236
1900.930 237
1901.931 235
1902.931 233
1903.932 237
1904.932 242
1905.933 253
1906.933 251
1907.933 248
1908.934 248
1909.934 252
1910.935 255
1911.935 257
1912.936 257
1913.936 259
1914.937 258
1915.937 258
1916.938 256
1917.938 254
1918.939 254
1919.940 252
1920.940 252
1921.941 249
1922.941 247
1923.942 247
1924.942 246
1925.943 247
1926.943 248
1927.944 249
1928.944 248
1929.945 249
1930.945 249
1931.946 251
1932.946 253
1933.946 251
1934.947 252
1935.948 251
1936.948 252
1937.948 254
1938.949 254
1939.949 253
1940.950 250
1941.951 248
1942.951 249
1943.952 253
1944.952 254
1945.953 256
1946.953 255
1947.954 258
1948.954 258
1949.955 257
1950.955 255
1951.956 258
1952.956 253
1953.957 253
1954.957 255
1955.958 255
1956.958 261
1957.958 262
1958.959 264
1959.959 264
1960.960 271
1961.961 272
1962.961 271
1963.962 270
1964.963 269
1965.963 271
1966.964 269
1967.964 268
1968.965 266
1969.965 267
1970.966 267
1971.967 270
1972.967 272
1973.968 273
1974.968 273
1975.969 272
1976.969 272
1977.969 270
1978.970 268
1979.970 265
1980.971 263
1981.972 261
1982.972 263
1983.972 264
1984.973 264
1985.973 262
1986.974 259
1987.974 256
1988.975 256
1989.975 255
1990.976 254
1991.976 253
1992.977 256
1993.977 253
1994.978 253
1995.978 252
1996.979 252
1997.979 256
1998.980 259
1999.980 260
2000.981 260
2001.981 259
2002.982 256
2003.982 254
2004.983 253
2005.984 256
2006.984 254
2007.985 253
2008.985 254
2009.986 263
2010.986 264
2011.987 262
2012.987 261
2013.988 260
2014.988 259
2015.988 262
2016.989 267
2017.989 264
2018.990 261
2019.990 261
2020.991 260
2021.991 260
2022.991 260
2023.992 256
2024.992 255
2025.993 257
2026.993 258
2027.994 260
2028.994 264
2029.995 265
2030.995 267
2031.995 269
2032.996 270
2033.996 273
2034.997 272
2035.997 270
2036.998 272
2037.998 271
2038.999 269
2039.999 266
2041.000 266
2042.000 267
2043.001 266
2044.001 265
2045.002 264
2046.002 263
2047.003 263
2048.003 260
2049.004 260
2050.005 259
2051.006 263
2052.007 266
2053.008 266
2054.009 266
2055.010 266
2056.011 263
2057.012 266
2058.013 268
2059.014 266
2060.015 270
2061.016 270
2062.017 270
2063.018 273
2064.019 270
2065.020 270
2066.021 272
2067.022 271
2068.023 270
2069.024 267
2070.025 267
2071.026 267
2072.027 270
2073.028 272
2074.029 272
2075.030 271
2076.031 271
2077.031 269
2078.032 273
2079.033 274
2080.034 277
2081.035 279
2082.036 278
2083.037 276
2084.038 276
2085.039 276
2086.040 273
2087.041 271
2088.042 272
2089.043 270
2090.044 270
2091.045 267
2092.046 271
2093.047 269
2094.048 269
2095.049 267
2096.050 268
2097.051 268
2098.052 271
2099.053 270
2100.054 270
2101.055 265
2102.056 265
2103.057 265
2104.058 267
2105.059 266
2106.060 266
2107.061 270
2108.062 269
2109.063 273
2110.064 274
2111.065 275
2112.066 274
2113.067 274
2114.068 274
2115.069 274
2116.070 275
2117.071 274
2118.072 278
2119.073 281
2120.074 284
2121.075 283
2122.076 282
2123.077 283
2124.078 283
2125.079 283
2126.080 285
2127.081 285
2128.082 285
2129.083 286
2130.083 286
2131.084 290
2132.085 290
2133.086 293
2134.087 290
2135.088 289
2136.089 287
2137.090 290
2138.091 289
2139.092 288
2140.093 287
2141.094 285
2142.095 286
2143.096 286
2144.097 287
2145.098 284
2146.099 283
2147.100 285
2148.101 286
2149.102 286
2150.103 286
2151.104 286
2152.105 289
2153.106 286
2154.107 286
2155.108 286
2156.109 287
2157.110 287
2158.111 286
2159.112 284
2160.113 283
2161.114 282
2162.115 279
2163.116 278
2164.117 278
2165.118 276
2166.119 277
2167.120 276
2168.121 277
2169.122 277
2170.123 274
2171.124 275
2172.125 275
2173.125 274
2174.126 275
2175.127 281
2176.128 279
2177.129 277
2178.130 274
2179.131 269
2180.132 268
2181.133 270
2182.134 270
2183.135 269
2184.336 269
2185.137 269
2186.138 269
2187.139 268
2188.140 266
2189.141 267
2190.142 267
2191.143 265
2192.144 263
2193.145 262
2194.146 261
2195.147 262
2196.148 261
2197.149 260
2198.150 259
2199.151 259
2200.152 256
2201.153 255
2202.154 255
2203.155 254
2204.156 253
2205.357 263
2206.358 265
2207.359 266
2208.360 266
2209.361 265
2210.362 264
2211.363 263
2212.364 264
2213.365 264
2214.366 265
2215.367 265
2216.368 270
2217.369 274
2218.370 273
2219.371 272
2220.372 273
2221.373 276
2222.374 276
2223.375 279
2224.375 278
2225.376 277
2226.377 276
2227.378 276
2228.379 275
2229.380 281
2230.381 280
2231.382 280
2232.383 278
2233.384 278
2234.385 280
2235.386 277
2236.387 281
2237.388 279
2238.389 279
2239.390 279
2240.391 278
2241.392 278
2242.393 277
2243.394 276
2244.395 276
2245.396 276
2246.397 274
2247.398 276
2248.399 279
2249.400 277
2250.401 277
2251.402 276
2252.403 275
2253.404 276
2254.405 276
2255.406 275
2256.407 270
2257.408 270
2258.409 271
2259.410 271
2260.411 274
2261.412 275
2262.413 275
2263.414 275
2264.415 273
2265.416 271
2266.417 269
2267.417 268
2268.418 268
2269.419 266
2270.420 271
2271.421 268
2272.422 269
2273.423 268
2274.424 269
2275.425 268
2276.426 270
2277.427 269
2278.428 265
2279.429 263
2280.430 262
2281.431 269
2282.432 273
2283.433 279
2284.434 285
2285.435 285
2286.436 286
2287.437 285
2288.438 286
2289.439 291
2290.440 290
2291.441 290
2292.442 288
2293.443 289
2294.444 289
2295.445 289
2296.446 288
2297.447 291
2298.448 291
2299.449 292
2300.450 291
2301.451 294
2302.452 292
2303.453 293
2304.454 293
2305.455 291
2306.456 293
2307.457 293
2308.458 290
2309.458 289
2310.459 288
2311.460 287
2312.461 286
2313.463 287
2314.464 285
2315.465 285
2316.466 285
2317.467 284
2318.468 285
2319.469 284
2320.469 288
2321.470 286
2322.471 284
2323.472 284
2324.473 284
2325.474 281
2326.475 282
2327.476 283
2328.477 283
2329.478 282
2330.479 282
2331.480 284
2332.481 282
2333.482 282
2334.483 282
2335.484 283
2336.485 282
2337.486 282
2338.487 286
2339.488 287
2340.489 289
2341.490 289
2342.491 286
2343.492 283
2344.493 284
2345.494 283
2346.495 283
2347.496 277
2348.497 278
2349.498 276
2350.499 280
2351.500 280
2352.501 279
2353.502 279
2354.503 279
2355.504 279
2356.505 278
2357.506 275
2358.507 275
2359.508 277
2360.509 276
2361.510 283
2362.510 285
2363.511 283
2364.512 285
2365.513 285
2366.514 282
2367.515 281
2368.516 281
2369.517 278
2370.518 277
2371.519 274
2372.520 273
2373.521 274
2374.522 274
2375.523 272
2376.524 267
2377.525 269
2378.526 266
2379.527 270
2380.528 269
2381.529 268
2382.531 269
2383.531 267
2384.532 275
2385.533 274
2386.534 277
2387.535 279
2388.536 283
2389.537 280
2390.538 282
2391.539 281
2392.540 281
2393.541 281
2394.542 280
2395.543 280
2396.544 283
2397.545 280
2398.546 285
2399.547 284
2400.548 283
2401.549 282
2402.550 281
2403.551 281
2404.552 281
2405.553 278
2406.554 279
2407.555 279
2408.556 283
2409.557 284
2410.558 285
2411.559 283
2412.560 280
2413.561 276
2414.562 276
2415.563 275
2416.564 279
2417.565 281
2418.566 281
2419.567 278
2420.568 283
2421.569 289
2422.570 284
2423.571 282
2424.572 280
2425.573 279
2426.573 277
2427.574 275
2428.575 275
2429.576 277
2430.577 277
2431.578 279
2432.579 280
2433.580 278
2434.581 277
2435.582 274
2436.583 273
2437.584 275
2438.585 279
2439.586 281
2440.587 282
2441.588 279
2442.589 281
2443.590 285
2444.591 282
2445.592 282
2446.593 283
2447.594 287
2448.595 289
2449.596 289
2450.597 290
2451.598 291
2452.599 292
2453.600 292
2454.601 292
2455.602 294
2456.603 298
2457.604 298
2458.605 296
2459.606 297
2460.607 301
2461.608 303
2462.609 303
2463.610 301
2464.611 298
2465.612 298
2466.613 301
2467.614 305
2468.615 304
2469.615 302
2470.616 303
2471.617 303
2472.618 305
2473.619 304
2474.620 300
2475.621 302
2476.622 306
2477.623 304
2478.624 302
2479.625 301
2480.626 300
2481.627 302
2482.628 301
2483.629 299
2484.630 298
2485.631 301
2486.632 302
2487.633 301
2488.634 302
2489.635 301
2490.636 300
2491.637 299
2492.638 302
2493.639 306
2494.640 305
2495.641 301
2496.642 302
2497.643 299
2498.644 302
2499.645 304
2500.646 303
2501.647 302
2502.648 305
2503.649 304
2504.650 303
2505.651 303
2506.652 301
2507.653 300
2508.654 304
2509.655 303
2510.656 303
2511.656 302
2512.657 299
2513.658 298
2514.659 296
2515.660 296
2516.661 294
2517.662 296
2518.663 294
2519.664 294
2520.665 292
2521.666 288
2522.667 288
2523.668 289
2524.669 288
2525.670 285
2526.671 285
2527.672 282
2528.673 282
2529.674 283
2530.675 286
2531.676 287
2532.677 290
2533.678 292
2534.679 290
2535.680 295
2536.681 295
2537.682 295
2538.683 293
2539.684 293
2540.685 294
2541.686 290
2542.687 293
2543.688 293
2544.689 295
2545.690 295
2546.691 295
2547.692 295
2548.693 292
2549.694 290
2550.695 289
2551.696 289
2552.697 294
2553.698 296
2554.698 297
2555.699 297
2556.700 297
2557.701 299
2558.702 299
2559.703 297
2560.704 296
2561.705 294
2562.706 294
2563.707 294
2564.708 297
2565.709 295
2566.710 295
2567.711 293
2568.712 291
2569.713 289
2570.714 288
2571.715 287
2572.716 286
2573.717 285
2574.718 283
2575.719 285
2576.720 285
2577.721 285
2578.722 286
2579.723 286
2580.724 289
2581.725 289
2582.726 292
2583.727 293
2584.728 298
2585.729 293
2586.730 299
2587.731 302
2588.732 309
2589.733 314
2590.734 313
2591.735 312
2592.736 311
2593.737 312
2594.738 315
2595.739 314
2596.740 315
2597.740 314
2598.741 313
2599.742 312
2600.743 312
2601.744 314
2602.746 317
2603.747 314
2604.748 313
2605.749 310
2606.750 312
2607.750 314
2608.751 310
2609.752 308
2610.753 304
2611.754 303
2612.755 304
2613.756 308
2614.757 311
2615.758 314
2616.759 313
2617.760 312
2618.761 312
2619.762 312
2620.763 310
2621.764 310
2622.765 311
2623.766 309
2624.767 311
2625.768 308
2626.769 304
2627.770 301
2628.771 302
2629.772 303
2630.773 303
2631.774 302
2632.775 301
2633.776 300
2634.777 301
2635.778 300
2636.779 301
2637.780 305
2638.781 303
2639.782 302
2640.783 303
2641.784 302
2642.785 300
2643.786 299
2644.787 297
2645.788 294
2646.789 294
2647.790 295
2648.791 293
2649.792 297
2650.792 296
2651.793 294
2652.794 299
2653.795 294
2654.796 292
2655.797 290
2656.798 290
2657.799 288
2658.800 287
2659.801 289
2660.802 291
2661.803 290
2662.804 292
2663.805 293
2664.806 295
2665.807 295
2666.808 293
2667.809 289
2668.810 284
2669.811 281
2670.812 282
2671.813 282
2672.814 279
2673.815 276
2674.816 279
2675.817 279
2676.818 281
2677.819 280
2678.820 282
2679.821 285
2680.822 285
2681.823 285
2682.824 281
2683.825 281
2684.826 279
2685.827 287
2686.828 286
2687.829 287
2688.830 287
2689.831 287
2690.832 286
2691.833 284
2692.833 282
2693.834 281
2694.835 280
2695.836 279
2696.837 276
2697.838 276
2698.839 276
2699.840 270
2700.841 269
2701.842 264
2702.843 264
2703.844 269
2704.845 268
2705.846 266
2706.847 265
2707.848 263
2708.849 264
2709.850 262
2710.851 260
2711.852 260
2712.853 264
2713.854 264
2714.855 263
2715.856 258
2716.857 259
2717.858 260
2718.859 260
2719.860 261
2720.861 259
2721.862 261
2722.863 260
2723.864 264
2724.865 263
2725.866 260
2726.867 260
2727.868 260
2728.869 262
2729.870 264
2730.871 264
2731.872 271
2732.873 272
2733.874 271
2734.875 270
2735.875 271
2736.876 273
2737.877 274
2738.878 274
2739.879 270
2740.880 269
2741.881 268
2742.882 267
2743.883 264
2744.884 263
2745.885 261
2746.886 263
2747.887 264
2748.888 267
2749.889 267
2750.890 268
2751.891 267
2752.892 264
2753.893 261
2754.894 261
2755.895 262
2756.896 256
2757.898 256
2758.899 254
2759.900 254
2760.901 254
2761.902 254
2762.903 254
2763.904 252
2764.905 254
2765.906 254
2766.906 258
2767.907 256
2768.908 258
2769.909 255
2770.910 259
2771.911 256
2772.912 259
2773.913 262
2774.914 263
2775.915 264
2776.916 265
2777.917 272
2778.918 275
2779.919 277
2780.922 275
2781.923 275
2782.924 275
2783.925 273
2784.927 272
2785.928 275
2786.929 274
2787.930 272
2788.931 270
2789.932 272
2790.933 269
2791.934 268
2792.935 265
2793.936 263
2794.937 262
2795.938 260
2796.939 256
2797.940 254
2798.941 254
2799.942 253
2800.943 255
2801.944 257
2802.945 256
2803.946 256
2804.947 257
2805.948 256
2806.948 253
2807.949 254
2808.950 252
2809.951 252
2810.952 248
2811.953 246
2812.954 245
2813.955 247
2814.956 247
2815.957 249
2816.958 256
2817.959 256
2818.960 257
2819.961 255
2820.962 257
2821.963 253
2822.964 251
2823.965 250
2824.966 251
2825.967 251
2826.968 251
2827.969 253
2828.970 254
2829.971 251
2830.972 252
2831.973 251
2832.974 249
2833.975 247
2834.976 252
2835.977 254
2836.978 255
2837.979 255
2838.980 256
2839.981 254
2840.982 253
2841.983 253
2842.984 252
2843.985 254
2844.986 253
2845.987 254
2846.988 254
2847.989 254
2848.990 252
2849.990 252
2850.991 249
2851.992 248
2852.993 246
2853.994 243
2854.995 241
2855.996 241
2856.997 248
2857.998 252
2858.999 250
2860.000 252
2861.001 249
2862.002 246
2863.003 244
2864.004 244
2865.005 246
2866.006 243
2867.007 243
2868.208 244
2869.209 250
2870.210 249
2871.211 248
2872.212 248
2873.213 249
2874.214 250
2875.215 254
2876.216 252
2877.217 249
2878.218 249
2879.219 252
2880.220 258
2881.221 261
2882.222 260
2883.223 260
2884.224 261
2885.225 261
2886.226 262
2887.227 262
2888.228 265
2889.229 265
2890.230 264
2891.231 263
2892.232 265
2893.233 266
2894.234 266
2895.235 272
2896.236 273
2897.237 272
2898.238 272
2899.239 275
2900.240 276
2901.240 279
2902.241 279
2903.242 278
2904.243 278
2905.244 279
2906.245 279
2907.246 279
2908.247 276
2909.248 276
2910.249 277
2911.250 277
2912.251 277
2913.252 277
2914.253 276
2915.254 275
2916.255 281
2917.256 282
2918.257 283
2919.258 282
2920.259 281
2921.260 281
2922.261 281
2923.262 280
2924.263 279
2925.264 279
2926.265 277
2927.266 277
2928.267 278
2929.268 280
2930.269 279
2931.270 278
2932.271 277
2933.272 277
2934.273 276
2935.274 275
2936.275 278
2937.276 277
2938.277 276
2939.278 271
2940.279 270
2941.280 270
2942.281 270
2943.281 268
2944.282 268
2945.283 265
2946.284 262
2947.285 258
2948.286 257
2949.287 255
2950.288 254
2951.289 255
2952.290 265
2953.291 272
2954.292 277
2955.293 276
2956.294 273
2957.295 274
2958.296 273
2959.297 271
2960.298 271
2961.299 271
2962.300 271
2963.301 270
2964.302 269
2965.303 268
2966.304 265
2967.305 264
2968.306 265
2969.307 265
2970.308 265
2971.309 263
2972.310 261
2973.311 266
2974.312 263
2975.313 264
2976.314 263
2977.315 265
2978.316 265
2979.317 268
2980.318 271
2981.319 273
2982.320 272
2983.321 272
2984.322 274
2985.323 276
2986.323 282
2987.324 278
2988.325 277
2989.326 277
2990.327 278
2991.328 276
2992.329 275
2993.330 276
2994.331 276
2995.332 275
2996.333 272
2997.334 270
2998.335 271
2999.536 273
3000.537 271
3001.538 265
3002.539 266
3003.540 263
3004.541 267
3005.542 266
3006.543 266
3007.544 268
3008.545 270
3009.546 270
3010.547 270
3011.548 278
3012.549 280
3013.550 279
3014.551 277
3015.552 275
3016.553 272
3017.554 271
3018.555 270
3019.556 270
3020.557 269
3021.558 269
3022.559 271
3023.560 274
3024.561 278
3025.562 277
3026.563 284
3027.564 285
3028.565 284
3029.566 279
3030.567 283
3031.568 279
3032.569 280
3033.570 278
3034.571 277
3035.572 278
3036.573 277
3037.573 278
3038.574 280
3039.575 284
3040.576 284
3041.577 286
3042.578 285
3043.579 285
3044.580 287
3045.581 285
3046.582 285
3047.583 282
3048.584 283
3049.585 281
3050.586 281
3051.587 287
3052.588 285
3053.589 286
3054.590 285
3055.591 284
3056.592 279
3057.593 278
3058.594 277
3059.595 281
3060.596 279
3061.597 278
3062.598 276
3063.599 276
3064.600 277
3065.601 278
3066.602 276
3067.603 276
3068.604 276
3069.605 277
3070.606 274
3071.607 273
3072.608 270
3073.609 270
3074.610 270
3075.611 267
3076.612 264
3077.613 267
3078.614 267
3079.615 267
3080.615 268
3081.616 268
3082.617 266
3083.618 264
3084.619 265
3085.620 265
3086.621 268
3087.622 268
3088.623 267
3089.624 264
3090.625 263
3091.626 260
3092.627 265
3093.628 267
3094.629 266
3095.630 268
3096.631 266
3097.632 265
3098.633 265
3099.634 265
3100.635 264
3101.636 263
3102.637 265
3103.638 267
3104.639 265
3105.640 265
3106.641 263
3107.642 262
3108.643 260
3109.644 269
3110.645 267
3111.646 269
3112.647 268
3113.648 265
3114.649 270
3115.650 273
3116.651 276
3117.652 277
3118.653 275
3119.654 275
3120.655 277
3121.656 281
3122.656 280
3123.658 281
3124.659 281
3125.660 282
3126.661 281
3127.662 279
3128.663 276
3129.664 272
3130.665 271
3131.666 271
3132.667 267
3133.668 267
3134.669 265
3135.670 262
3136.671 260
3137.672 260
3138.673 260
3139.674 258
3140.675 259
3141.676 259
3142.677 260
3143.677 260
3144.678 261
3145.679 260
3146.680 261
3147.681 262
3148.682 265
3149.683 265
3150.684 267
3151.685 268
3152.686 265
3153.687 263
3154.688 261
3155.689 260
3156.690 262
3157.691 262
3158.692 259
3159.693 256
3160.694 255
3161.895 253
3162.896 256
3163.897 259
3164.898 259
3165.899 256
3166.900 258
3167.901 259
3168.902 260
3169.903 264
3170.904 263
3171.905 266
3172.906 267
3173.907 266
3174.908 271
3175.909 269
3176.910 268
3177.911 273
3178.912 271
3179.913 268
3180.914 265
3181.915 264
3182.916 264
3183.917 261
3184.918 260
3185.919 259
3186.920 257
3187.921 258
3188.922 255
3189.923 252
3190.924 250
3191.925 249
3192.926 251
3193.927 253
3194.927 255
3195.928 256
3196.929 256
3197.930 254
3198.931 256
3199.932 257
3200.933 257
3201.934 259
3202.935 256
3203.936 255
3204.937 253
3205.938 254
3206.939 254
3207.940 252
3208.941 254
3209.942 253
3210.943 253
3211.944 251
3212.945 250
3213.946 248
3214.947 249
3215.948 250
3216.949 251
3217.950 250
3218.951 249
3219.952 251
3220.953 252
3221.954 251
3222.955 249
3223.956 251
3224.957 250
3225.958 249
3226.959 251
3227.960 251
3228.961 251
3229.962 253
3230.963 253
3232.164 251
3233.165 246
3234.166 248
3235.167 247
3236.168 246
3237.169 246
3238.170 246
3239.171 249
3240.172 255
3241.173 257
3242.174 261
3243.175 263
3244.176 262
3245.177 262
3246.177 262
3247.178 262
3248.179 270
3249.180 269
3250.181 274
3251.182 272
3252.183 274
3253.184 275
3254.185 271
3255.186 271
3256.187 272
3257.188 271
3258.189 270
3259.190 268
3260.191 270
3261.192 271
3262.193 272
3263.194 269
3264.195 269
3265.196 267
3266.197 271
3267.198 271
3268.199 270
3269.200 268
3270.201 269
3271.202 269
3272.203 268
3273.204 269
3274.205 269
3275.206 268
3276.207 270
3277.208 271
3278.209 270
3279.210 270
3280.211 270
3281.212 271
3282.213 271
3283.214 271
3284.215 273
3285.216 275
3286.217 274
3287.218 278
3288.219 278
3289.219 281
3290.220 275
3291.221 273
3292.222 273
3293.223 276
3294.224 278
3295.225 276
3296.226 274
3297.227 272
3298.228 272
3299.229 274
3300.230 277
3301.231 282
3302.232 283
3303.233 282
3304.234 288
3305.235 286
3306.236 285
3307.237 286
3308.238 286
3309.239 287
3310.240 289
3311.241 292
3312.242 291
3313.243 292
3314.244 291
3315.245 291
3316.246 291
3317.247 290
3318.248 288
3319.249 288
3320.250 291
3321.251 290
3322.252 291
3323.253 293
3324.254 299
3325.255 299
3326.256 301
3327.257 299
3328.258 299
3329.259 298
3330.260 302
3331.260 302
3332.261 307
3333.262 305
3334.263 303
3335.264 304
3336.265 308
3337.266 307
3338.267 307
3339.268 306
3340.269 304
3341.270 310
3342.271 312
3343.272 310
3344.273 308
3345.274 308
3346.275 307
3347.276 307
3348.277 311
3349.278 309
3350.279 308
3351.280 307
3352.281 304
3353.282 300
3354.283 304
3355.284 309
3356.285 312
3357.286 312
3358.287 312
3359.288 314
3360.289 314
3361.290 311
3362.291 311
3363.292 312
3364.293 314
3365.294 314
3366.295 314
3367.296 319
3368.297 317
3369.298 316
3370.299 309
3371.300 312
3372.301 308
3373.302 307
3374.302 307
3375.303 307
3376.304 312
3377.305 312
3378.306 311
3379.307 316
3380.308 316
3381.309 313
3382.310 312
3383.311 310
3384.312 310
3385.313 309
3386.314 308
3387.315 306
3388.316 307
3389.317 306
3390.318 314
3391.319 313
3392.320 313
3393.321 317
3394.322 317
3395.323 318
3396.324 317
3397.325 318
3398.326 317
3399.327 317
3400.328 317
3401.329 322
3402.330 321
3403.331 323
3404.332 323
3405.333 323
3406.334 323
3407.335 321
3408.336 321
3409.337 320
3410.338 323
3411.339 326
3412.340 327
3413.341 324
3414.342 326
3415.343 327
3416.344 328
3417.344 327
3418.345 326
3419.346 326
3420.347 335
3421.348 338
3422.349 339
3423.350 339
3424.351 341
3425.352 340
3426.353 338
3427.354 338
3428.355 339
3429.356 341
3430.357 340
3431.358 339
3432.359 337
3433.360 338
3434.361 337
3435.362 338
3436.363 340
3437.364 340
3438.365 341
3439.366 338
3440.367 337
3441.368 335
3442.369 331
3443.370 329
3444.371 326
3445.372 326
3446.373 325
3447.374 324
3448.375 322
3449.376 325
3450.377 330
3451.378 329
3452.379 328
3453.380 327
3454.381 323
3455.382 325
3456.383 326
3457.384 325
3458.385 327
3459.385 329
3460.386 326
3461.387 325
3462.388 324
3463.389 325
3464.390 324
3465.391 324
3466.392 328
3467.393 328
3468.394 325
3469.395 324
3470.396 321
3471.397 321
3472.398 321
3473.399 323
3474.400 322
3475.401 321
3476.402 321
3477.403 320
3478.404 320
3479.405 321
3480.406 320
3481.407 319
3482.408 317
3483.409 317
3484.410 319
3485.411 320
3486.412 320
3487.413 318
3488.414 323
3489.415 323
3490.416 321
3491.417 319
3492.418 319
3493.419 315
3494.420 315
3495.421 313
3496.422 312
3497.423 312
3498.424 308
3499.425 307
3500.426 309
3501.427 310
3502.428 312
3503.429 318
3504.430 320
3505.431 323
3506.432 321
3507.433 320
3508.434 321
3509.435 325
3510.436 325
3511.437 324
3512.438 324
3513.438 324
3514.439 321
3515.440 318
3516.441 319
3517.442 317
3518.443 314
3519.444 312
3520.445 310
3521.446 308
3522.447 307
3523.448 306
3524.449 302
3525.450 298
3526.451 297
3527.452 295
3528.453 291
3529.454 293
3530.455 294
3531.456 294
3532.457 291
3533.458 293
3534.459 294
3535.460 292
3536.461 294
3537.462 291
3538.463 288
3539.464 287
3540.465 285
3541.466 284
3542.467 286
3543.468 285
3544.469 285
3545.470 283
3546.471 281
3547.472 280
3548.473 277
3549.474 281
3550.475 281
3551.476 283
3552.477 282
3553.478 285
3554.479 284
3555.480 286
3556.481 287
3557.482 286
3558.483 285
3559.484 286
3560.485 284
3561.486 280
3562.487 279
3563.488 277
3564.489 273
3565.490 272
3566.490 270
3567.491 266
3568.493 265
3569.494 265
3570.495 264
3571.496 267
3572.497 265
3573.498 265
3574.499 266
3575.500 268
3576.500 268
3577.501 266
3578.502 267
3579.503 265
3580.504 264
3581.505 263
3582.506 263
3583.507 263
3584.508 264
3585.509 261
3586.510 257
3587.511 257
3588.512 261
3589.513 262
3590.514 264
3591.515 268
3592.516 269
3593.517 267
3594.518 264
3595.519 263
3596.520 257
3597.521 257
3598.522 262
3599.523 261
