3.953 1
5.700 0
6.239 1
7.007 0
7.039 1
8.243 0
8.559 1
11.896 0
11.904 1
19.243 0
19.259 1
90.266 0
90.353 1
118.418 0
118.685 1
155.117 0
155.169 1
157.411 0
157.458 1
577.408 0
577.429 1
582.306 0
582.325 1
582.411 0
582.412 1
583.971 0
583.988 1
607.488 0
607.523 1
649.541 0
649.634 1
650.164 0
650.229 1
693.523 0
693.533 1
694.699 0
694.706 1
695.630 0
695.631 1
696.007 0
696.149 1
1094.000 0
1094.021 1
1098.374 0
1099.201 1
1211.809 0
1211.828 1
1212.204 0
1212.209 1
1550.217 0
1550.224 1
1552.863 0
1552.917 1
1932.859 0
1932.873 1
1933.565 0
1933.578 1
1935.836 0
1936.018 1
1936.203 0
1936.231 1
1945.375 0
1945.480 1
1945.871 0
1945.946 1
2291.868 0
2291.952 1
2292.507 0
2292.515 1
2292.517 0
2292.539 1
2724.517 0
2724.592 1
2724.866 0
2724.879 1
2727.311 0
2727.328 1
2757.242 0
2757.851 1
2758.943 0
2758.969 1
2759.316 0
2759.317 1
2762.873 0
2762.887 1
2763.026 0
2763.027 1
2763.456 0
2763.666 1
3123.457 0
3123.465 1
3123.710 0
3123.722 1
3442.713 0
3442.732 1
3443.753 0
3443.781 1
3445.396 0
3445.575 1
3600.018 0
