3.953 0 LOAD 1
5.700 0 LOAD 0
6.239 0 LOAD 1
7.007 0 LOAD 0
7.039 0 LOAD 1
8.243 0 LOAD 0
8.559 0 LOAD 1
11.896 0 LOAD 0
11.904 0 LOAD 1
19.243 0 LOAD 0
19.259 0 LOAD 1
90.266 0 LOAD 0
90.353 0 LOAD 1
118.418 0 LOAD 0
118.685 0 LOAD 1
155.117 0 LOAD 0
155.169 0 LOAD 1
157.411 0 LOAD 0
157.458 0 LOAD 1
577.408 0 LOAD 0
577.429 0 LOAD 1
582.306 0 LOAD 0
582.325 0 LOAD 1
582.411 0 LOAD 0
582.412 0 LOAD 1
583.971 0 LOAD 0
583.988 0 LOAD 1
607.488 0 LOAD 0
607.523 0 LOAD 1
649.541 0 LOAD 0
649.634 0 LOAD 1
650.164 0 LOAD 0
650.229 0 LOAD 1
693.523 0 LOAD 0
693.533 0 LOAD 1
694.699 0 LOAD 0
694.706 0 LOAD 1
695.630 0 LOAD 0
695.631 0 LOAD 1
696.007 0 LOAD 0
696.149 0 LOAD 1
1094.000 0 LOAD 0
1094.021 0 LOAD 1
1098.374 0 LOAD 0
1099.201 0 LOAD 1
1211.809 0 LOAD 0
1211.828 0 LOAD 1
1212.204 0 LOAD 0
1212.209 0 LOAD 1
1550.217 0 LOAD 0
1550.224 0 LOAD 1
1552.863 0 LOAD 0
1552.917 0 LOAD 1
1932.859 0 LOAD 0
1932.873 0 LOAD 1
1933.565 0 LOAD 0
1933.578 0 LOAD 1
1935.836 0 LOAD 0
1936.018 0 LOAD 1
1936.203 0 LOAD 0
1936.231 0 LOAD 1
1945.375 0 LOAD 0
1945.480 0 LOAD 1
1945.871 0 LOAD 0
1945.946 0 LOAD 1
2291.868 0 LOAD 0
2291.952 0 LOAD 1
2292.507 0 LOAD 0
2292.515 0 LOAD 1
2292.517 0 LOAD 0
2292.539 0 LOAD 1
2724.517 0 LOAD 0
2724.592 0 LOAD 1
2724.866 0 LOAD 0
2724.879 0 LOAD 1
2727.311 0 LOAD 0
2727.328 0 LOAD 1
2757.242 0 LOAD 0
2757.851 0 LOAD 1
2758.943 0 LOAD 0
2758.969 0 LOAD 1
2759.316 0 LOAD 0
2759.317 0 LOAD 1
2762.873 0 LOAD 0
2762.887 0 LOAD 1
2763.026 0 LOAD 0
2763.027 0 LOAD 1
2763.456 0 LOAD 0
2763.666 0 LOAD 1
3123.457 0 LOAD 0
3123.465 0 LOAD 1
3123.710 0 LOAD 0
3123.722 0 LOAD 1
3442.713 0 LOAD 0
3442.732 0 LOAD 1
3443.753 0 LOAD 0
3443.781 0 LOAD 1
3445.396 0 LOAD 0
3445.575 0 LOAD 1
3600.018 0 LOAD 0
