1.373 0
2.373 0
3.373 0
4.374 0
5.374 0
6.375 0
7.375 0
8.375 0
9.376 0
10.376 0
11.376 0
12.377 0
13.377 0
14.378 0
15.378 0
16.378 0
17.379 0
18.379 0
19.379 0
20.380 3
21.380 2
22.381 2
23.381 2
24.382 2
25.382 1
26.382 1
27.383 1
28.383 1
29.384 1
30.384 2
31.385 2
32.385 2
33.385 2
34.386 2
35.386 2
36.387 1
37.387 1
38.388 2
39.388 3
40.388 4
41.389 4
42.389 4
43.390 6
44.390 6
45.390 6
46.391 6
47.391 7
48.391 7
49.392 7
50.392 7
51.393 7
52.393 7
53.394 7
54.394 7
55.394 7
56.395 7
57.395 7
58.396 7
59.396 8
60.396 8
61.397 8
62.397 8
63.397 8
64.398 8
65.398 12
66.399 12
67.400 12
68.400 12
69.400 12
70.401 12
71.401 12
72.402 12
73.402 12
74.403 12
75.403 12
76.403 12
77.404 12
78.404 12
79.405 12
80.405 12
81.406 12
82.406 12
83.406 12
84.407 10
85.407 10
86.408 13
87.408 15
88.409 16
89.409 16
90.410 16
91.410 17
92.410 20
93.411 20
94.411 20
95.412 20
96.412 20
97.412 20
98.413 20
99.413 20
100.413 22
101.414 22
102.414 21
103.414 21
104.415 21
105.415 20
106.416 20
107.416 20
108.416 20
109.416 20
110.417 20
111.417 20
112.418 20
113.418 19
114.418 20
115.419 20
116.419 20
117.420 20
118.420 20
119.421 20
120.421 20
121.421 20
122.422 19
123.422 19
124.422 18
125.423 18
126.423 18
127.424 18
128.424 18
129.425 18
130.425 18
131.426 18
132.426 18
133.426 18
134.427 18
135.427 18
136.428 18
137.428 18
138.429 18
139.429 18
140.429 18
141.430 18
142.430 18
143.431 18
144.431 18
145.432 18
146.432 18
147.432 18
148.433 19
149.433 20
150.434 25
151.434 25
152.434 24
153.435 24
154.435 24
155.436 24
156.436 24
157.436 25
158.437 25
159.437 25
160.438 24
161.438 24
162.438 24
163.439 22
164.439 22
165.440 22
166.440 22
167.441 22
168.441 22
169.442 22
170.442 22
171.443 22
172.443 22
173.444 22
174.444 22
175.444 22
176.445 22
177.445 23
178.446 24
179.446 24
180.446 26
181.447 27
182.447 28
183.448 28
184.448 28
185.449 28
186.449 28
187.450 28
188.450 27
189.451 26
190.451 30
191.451 30
192.452 30
193.452 30
194.453 30
195.453 30
196.454 30
197.454 30
198.454 30
199.455 30
200.456 30
201.456 30
202.457 30
203.457 30
204.458 29
205.458 29
206.458 30
207.459 32
208.459 34
209.459 34
210.460 35
211.460 35
212.461 35
213.461 34
214.461 34
215.462 34
216.462 34
217.463 33
218.463 33
219.464 33
220.464 33
221.465 34
222.466 33
223.466 34
224.467 34
225.467 34
226.467 34
227.468 34
228.469 34
229.469 36
230.470 36
231.470 36
232.471 38
233.471 37
234.472 40
235.472 40
236.473 41
237.473 40
238.473 39
239.474 39
240.480 39
241.480 39
242.481 39
243.481 39
244.482 37
245.482 37
246.483 37
247.483 37
248.484 37
249.484 36
250.485 36
251.485 35
252.485 35
253.486 35
254.486 36
255.487 35
256.487 35
257.487 34
258.488 37
259.488 37
260.489 37
261.489 37
262.489 37
263.490 37
264.490 37
265.491 37
266.491 37
267.491 37
268.492 36
269.492 36
270.493 35
271.493 34
272.493 36
273.494 37
274.495 36
275.495 35
276.496 35
277.496 35
278.497 35
279.497 34
280.497 34
281.497 34
282.498 34
283.498 34
284.499 34
285.499 35
286.500 35
287.500 35
288.500 35
289.501 34
290.501 34
291.501 34
292.501 34
293.502 34
294.502 35
295.502 35
296.503 35
297.503 35
298.504 35
299.504 35
300.504 34
301.505 34
302.505 34
303.506 34
304.506 34
305.507 34
306.507 34
307.507 33
308.508 33
309.508 33
310.508 33
311.509 34
312.509 34
313.509 33
314.510 33
315.510 33
316.511 33
317.511 32
318.512 29
319.512 29
320.513 29
321.513 29
322.513 28
323.514 28
324.514 28
325.514 28
326.515 28
327.515 28
328.515 27
329.515 27
330.516 26
331.516 26
332.517 25
333.517 25
334.518 25
335.518 25
336.518 25
337.519 25
338.519 25
339.519 26
340.520 27
341.520 27
342.521 27
343.521 27
344.521 28
345.522 29
346.522 29
347.523 29
348.523 29
349.524 29
350.524 29
351.524 29
352.525 29
353.525 29
354.526 28
355.526 28
356.526 28
357.527 28
358.527 28
359.528 27
360.528 27
361.529 27
362.529 28
363.529 28
364.530 28
365.530 28
366.531 28
367.531 28
368.532 28
369.532 28
370.532 28
371.533 28
372.533 28
373.534 28
374.534 28
375.535 28
376.535 28
377.535 28
378.536 28
379.536 28
380.537 28
381.537 28
382.538 28
383.538 28
384.539 28
385.539 28
386.539 28
387.540 28
388.540 28
389.540 27
390.541 27
391.542 27
392.542 27
393.542 27
394.543 27
395.543 27
396.544 27
397.544 27
398.545 27
399.545 27
400.545 27
401.546 27
402.547 27
403.547 28
404.547 28
405.548 28
406.548 28
407.549 28
408.549 28
409.549 28
410.550 28
411.550 27
412.551 27
413.551 27
414.552 27
415.552 26
416.552 26
417.553 26
418.553 26
419.554 26
420.554 26
421.555 26
422.555 26
423.556 26
424.556 25
425.556 25
426.557 25
427.557 25
428.557 25
429.558 25
430.558 24
431.558 24
432.559 24
433.559 24
434.560 24
435.560 24
436.560 24
437.561 25
438.561 25
439.561 24
440.562 24
441.562 24
442.570 24
443.570 24
444.571 24
445.571 24
446.572 23
447.572 23
448.572 23
449.572 23
450.573 23
451.573 23
452.574 23
453.574 23
454.574 23
455.575 23
456.575 22
457.576 22
458.576 22
459.577 22
460.577 22
461.577 22
462.578 22
463.578 23
464.578 23
465.579 22
466.579 22
467.579 22
468.580 21
469.580 21
470.581 20
471.581 20
472.581 20
473.582 20
474.582 20
475.583 20
476.583 22
477.583 23
478.584 23
479.584 24
480.584 24
481.585 24
482.585 24
483.586 25
484.586 25
485.587 23
486.587 22
487.587 23
488.588 22
489.588 22
490.588 22
491.589 22
492.589 21
493.590 21
494.590 21
495.590 20
496.591 19
497.591 19
498.592 19
499.592 19
500.592 19
501.593 19
502.593 20
503.594 20
504.594 19
505.594 18
506.595 22
507.595 27
508.595 27
509.596 27
510.596 27
511.597 27
512.597 27
513.597 27
514.598 26
515.598 25
516.598 24
517.599 24
518.599 24
519.599 24
520.600 24
521.600 24
522.600 23
523.601 23
524.601 23
525.601 23
526.601 22
527.602 22
528.602 22
529.602 21
530.603 21
531.603 21
532.603 21
533.603 18
534.604 18
535.604 17
536.605 21
537.605 19
538.605 19
539.606 19
540.606 19
541.606 19
542.606 20
543.607 20
544.607 20
545.607 20
546.608 20
547.608 20
548.608 20
549.608 20
550.608 21
551.609 21
552.609 20
553.609 19
554.610 19
555.610 22
556.611 22
557.611 22
558.611 22
559.611 21
560.612 23
561.612 23
562.613 22
563.613 21
564.613 21
565.613 24
566.614 24
567.614 24
568.615 24
569.615 29
570.616 30
571.616 30
572.616 30
573.617 31
574.617 31
575.618 31
576.618 31
577.618 31
578.618 31
579.619 31
580.619 32
581.619 32
582.620 32
583.620 31
584.620 32
585.620 34
586.621 34
587.621 35
588.621 33
589.622 34
590.622 34
591.622 36
592.623 37
593.623 36
594.623 36
595.623 35
596.624 35
597.624 35
598.624 34
599.624 34
600.625 34
601.625 34
602.626 34
603.626 34
604.627 34
605.627 34
606.627 34
607.627 34
608.628 34
609.628 34
610.628 34
611.628 34
612.629 34
613.629 34
614.629 34
615.629 34
616.630 34
617.630 34
618.630 33
619.631 33
620.631 33
621.631 33
622.631 33
623.631 33
624.632 33
625.632 34
626.633 34
627.633 34
628.634 34
629.634 33
630.634 33
631.635 33
632.635 33
633.635 33
634.635 33
635.636 32
636.636 32
637.637 31
638.637 31
639.637 31
640.637 31
641.638 37
642.638 37
643.638 37
644.639 37
645.639 37
646.639 37
647.639 42
648.640 42
649.640 41
650.640 41
651.641 42
652.641 43
653.641 42
654.641 42
655.642 42
656.642 42
657.642 42
658.643 42
659.643 43
660.643 43
661.644 43
662.644 43
663.644 43
664.644 42
665.844 45
666.845 45
667.845 45
668.845 45
669.846 44
670.846 45
671.846 45
672.846 44
673.847 43
674.847 43
675.847 43
676.848 43
677.848 43
678.848 43
679.849 43
680.849 44
681.849 45
682.849 44
683.850 44
684.850 44
685.850 45
686.850 44
687.851 44
688.851 43
689.851 43
690.852 43
691.852 44
692.852 46
693.852 46
694.853 43
695.853 43
696.853 43
697.853 43
698.854 43
699.854 43
700.854 43
701.855 43
702.855 43
703.856 43
704.856 42
705.856 42
706.856 42
707.857 41
708.857 41
709.857 41
710.858 40
711.858 40
712.859 40
713.859 40
714.859 40
715.860 40
716.860 40
717.860 41
718.860 41
719.860 41
720.861 41
721.861 41
722.861 41
723.862 41
724.862 41
725.862 40
726.863 40
727.863 39
728.863 42
729.864 44
730.864 45
731.864 44
732.865 44
733.865 43
734.865 43
735.866 43
736.866 43
737.866 42
738.867 42
739.867 42
740.867 42
741.867 43
742.868 43
743.868 42
744.868 41
745.868 40
746.869 40
747.869 40
748.869 40
749.869 40
750.870 40
751.870 40
752.870 40
753.871 40
754.871 40
755.871 40
756.872 39
757.872 39
758.873 39
759.873 39
760.873 41
761.873 41
762.874 41
763.874 41
764.874 41
765.875 40
766.875 40
767.875 40
768.876 40
769.876 40
770.876 40
771.876 40
772.876 40
773.877 40
774.877 40
775.878 40
776.878 40
777.878 40
778.879 40
779.879 39
780.879 39
781.880 39
782.880 40
783.880 40
784.881 41
785.881 40
786.881 40
787.882 39
788.882 39
789.882 39
790.883 39
791.883 39
792.883 39
793.884 38
794.884 40
795.884 40
796.884 40
797.884 40
798.885 39
799.885 39
800.886 39
801.886 39
802.886 39
803.887 39
804.887 39
805.887 39
806.888 39
807.888 39
808.888 38
809.889 39
810.889 39
811.889 39
812.890 39
813.890 38
814.890 38
815.891 38
816.891 38
817.891 38
818.892 37
819.892 37
820.892 36
821.893 36
822.893 36
823.893 36
824.894 36
825.894 36
826.894 36
827.895 35
828.895 35
829.895 35
830.895 35
831.896 35
832.896 35
833.897 35
834.897 35
835.897 35
836.897 35
837.898 35
838.898 35
839.898 35
840.898 34
841.899 34
842.899 34
843.899 34
844.899 34
845.900 34
846.900 33
847.900 33
848.901 32
849.901 32
850.901 31
851.901 31
852.901 32
853.902 32
854.902 31
855.902 31
856.903 31
857.903 31
858.903 31
859.903 32
860.904 32
861.904 32
862.905 32
863.905 31
864.905 31
865.905 32
866.906 31
867.906 30
868.906 30
869.906 31
870.907 30
871.907 30
872.907 30
873.908 30
874.908 30
875.908 30
876.909 30
877.909 29
878.909 29
879.909 29
880.910 28
881.910 28
882.910 33
883.911 33
884.911 32
885.911 34
886.911 34
887.912 34
888.912 34
889.912 38
890.913 38
891.913 38
892.913 37
893.914 36
894.914 36
895.914 38
896.914 38
897.915 36
898.915 34
899.916 33
900.917 31
901.917 31
902.917 31
903.918 31
904.918 31
905.918 31
906.919 31
907.919 31
908.919 29
909.920 29
910.920 28
911.920 30
912.920 31
913.920 31
914.920 31
915.921 31
916.921 31
917.921 31
918.922 34
919.922 34
920.922 35
921.922 36
922.923 34
923.923 33
924.923 33
925.923 34
926.924 34
927.924 35
928.924 35
929.925 35
930.925 35
931.925 35
932.926 34
933.926 34
934.926 34
935.926 34
936.927 34
937.927 34
938.928 34
939.928 34
940.929 34
941.929 33
942.929 32
943.929 32
944.930 32
945.930 31
946.930 31
947.931 31
948.931 31
949.931 30
950.932 30
951.932 30
952.932 30
953.932 30
954.933 29
955.933 28
956.933 28
957.934 28
958.934 28
959.934 27
960.935 27
961.935 27
962.935 27
963.935 27
964.936 27
965.936 27
966.936 26
967.937 26
968.937 26
969.937 26
970.938 26
971.938 26
972.938 26
973.938 26
974.939 25
975.939 25
976.939 24
977.939 23
978.940 22
979.940 22
980.940 22
981.940 22
982.941 22
983.941 22
984.942 22
985.942 22
986.942 22
987.942 22
988.942 22
989.943 22
990.943 22
991.943 22
992.944 22
993.944 21
994.944 22
995.945 22
996.945 21
997.946 21
998.946 23
999.946 23
1000.947 24
1001.947 25
1002.947 23
1003.947 24
1004.948 24
1005.948 28
1006.948 29
1007.948 29
1008.949 27
1009.949 27
1010.949 27
1011.950 27
1012.950 27
1013.950 26
1014.951 26
1015.951 26
1016.952 24
1017.952 24
1018.952 24
1019.952 24
1020.953 24
1021.953 24
1022.953 25
1023.954 28
1024.954 30
1025.955 30
1026.955 28
1027.955 28
1028.956 28
1029.957 28
1030.957 27
1031.958 27
1032.958 26
1033.959 26
1034.959 26
1035.960 26
1036.960 26
1037.961 26
1038.961 26
1039.962 26
1040.962 25
1041.963 25
1042.964 25
1043.964 24
1044.965 27
1045.965 27
1046.966 27
1047.966 27
1048.967 27
1049.967 25
1050.968 25
1051.969 25
1052.969 24
1053.969 24
1054.970 24
1055.970 24
1056.971 24
1057.971 24
1058.972 24
1059.972 24
1060.973 25
1061.973 25
1062.974 24
1063.974 23
1064.975 24
1065.975 25
1066.976 25
1067.976 24
1068.977 23
1069.977 23
1070.978 23
1071.979 23
1072.979 23
1073.979 23
1074.980 23
1075.980 23
1076.981 22
1077.981 22
1078.982 22
1079.982 22
1080.983 22
1081.983 22
1082.984 23
1083.984 23
1084.984 22
1085.985 22
1086.985 22
1087.986 21
1088.986 20
1089.987 20
1090.987 20
1091.988 20
1092.988 20
1093.989 20
1094.989 20
1095.990 20
1096.990 21
1097.991 21
1099.007 21
1100.007 23
1101.008 24
1102.008 24
1103.009 24
1104.010 24
1105.010 24
1106.010 24
1107.011 24
1108.011 24
1109.012 24
1110.013 24
1111.013 24
1112.013 24
1113.014 25
1114.014 24
1115.015 23
1116.016 23
1117.016 25
1118.017 25
1119.017 25
1120.017 26
1121.018 27
1122.018 27
1123.019 26
1124.019 26
1125.020 26
1126.020 25
1127.021 25
1128.021 25
1129.022 25
1130.022 25
1131.023 25
1132.023 24
1133.024 24
1134.024 23
1135.025 23
1136.026 23
1137.026 22
1138.026 22
1139.027 24
1140.028 24
1141.028 24
1142.029 24
1143.029 24
1144.029 24
1145.030 24
1146.030 24
1147.031 24
1148.031 24
1149.032 24
1150.032 26
1151.033 26
1152.033 25
1153.034 24
1154.034 24
1155.035 24
1156.035 24
1157.036 24
1158.036 24
1159.037 24
1160.037 24
1161.038 23
1162.038 23
1163.039 22
1164.039 23
1165.039 23
1166.040 23
1167.040 23
1168.041 23
1169.041 23
1170.042 23
1171.042 23
1172.042 22
1173.043 20
1174.043 21
1175.044 23
1176.044 24
1177.045 24
1178.046 24
1179.046 24
1180.047 25
1181.047 25
1182.048 25
1183.048 25
1184.049 24
1185.049 24
1186.050 24
1187.050 24
1188.051 24
1189.051 24
1190.052 25
1191.052 25
1192.053 25
1193.053 25
1194.054 25
1195.054 25
1196.055 25
1197.055 25
1198.056 25
1199.056 25
1200.057 25
1201.057 25
1202.057 25
1203.058 25
1204.059 25
1205.059 25
1206.060 25
1207.060 25
1208.060 25
1209.061 25
1210.061 25
1211.062 24
1212.062 24
1213.063 24
1214.063 24
1215.064 24
1216.064 24
1217.065 24
1218.065 23
1219.066 23
1220.066 23
1221.067 23
1222.067 23
1223.068 23
1224.068 23
1225.068 22
1226.069 22
1227.069 21
1228.070 21
1229.070 20
1230.071 20
1231.071 20
1232.072 20
1233.072 20
1234.073 20
1235.073 20
1236.074 21
1237.074 23
1238.075 26
1239.075 26
1240.076 29
1241.076 27
1242.077 27
1243.077 27
1244.078 27
1245.078 28
1246.079 28
1247.079 28
1248.080 28
1249.080 28
1250.080 29
1251.081 29
1252.081 28
1253.082 28
1254.082 28
1255.083 28
1256.083 28
1257.084 27
1258.084 28
1259.084 28
1260.085 28
1261.085 27
1262.086 27
1263.086 26
1264.087 26
1265.087 25
1266.088 24
1267.089 24
1268.089 24
1269.089 24
1270.090 24
1271.090 24
1272.091 24
1273.091 25
1274.092 25
1275.092 25
1276.093 25
1277.094 24
1278.094 22
1279.095 20
1280.095 20
1281.096 20
1282.096 19
1283.097 19
1284.097 19
1285.097 19
1286.098 18
1287.099 18
1288.099 18
1289.099 19
1290.100 18
1291.100 18
1292.101 18
1293.102 19
1294.102 20
1295.103 20
1296.103 20
1297.104 20
1298.104 20
1299.104 20
1300.105 25
1301.106 25
1302.106 24
1303.107 24
1304.107 24
1305.108 24
1306.109 24
1307.109 24
1308.110 24
1309.110 23
1310.111 23
1311.111 23
1312.112 23
1313.112 23
1314.113 23
1315.113 22
1316.114 24
1317.114 24
1318.115 23
1319.115 23
1320.116 23
1321.117 23
1322.117 23
1323.118 23
1324.118 23
1325.119 23
1326.119 23
1327.119 23
1328.120 23
1329.120 23
1330.121 22
1331.121 22
1332.122 21
1333.122 21
1334.123 21
1335.123 21
1336.124 21
1337.124 21
1338.125 21
1339.125 21
1340.126 21
1341.126 22
1342.127 22
1343.127 21
1344.128 21
1345.128 21
1346.129 20
1347.129 20
1348.129 20
1349.130 19
1350.130 20
1351.131 20
1352.131 20
1353.132 20
1354.132 20
1355.133 20
1356.133 20
1357.134 20
1358.134 20
1359.134 25
1360.135 28
1361.136 30
1362.136 31
1363.137 31
1364.137 31
1365.138 31
1366.138 31
1367.138 32
1368.139 32
1369.140 31
1370.140 31
1371.341 30
1372.341 30
1373.342 29
1374.342 30
1375.342 30
1376.343 29
1377.344 29
1378.344 29
1379.344 29
1380.345 28
1381.345 28
1382.346 28
1383.346 27
1384.347 27
1385.347 30
1386.348 29
1387.348 29
1388.349 29
1389.349 29
1390.350 31
1391.350 31
1392.351 36
1393.351 36
1394.352 35
1395.352 35
1396.353 35
1397.353 36
1398.354 36
1399.354 36
1400.355 36
1401.356 36
1402.356 35
1403.357 35
1404.357 34
1405.358 34
1406.358 34
1407.359 34
1408.359 34
1409.360 34
1410.360 34
1411.361 34
1412.361 34
1413.361 34
1414.362 35
1415.362 35
1416.363 35
1417.363 35
1418.364 33
1419.364 33
1420.364 33
1421.365 32
1422.365 31
1423.366 30
1424.366 30
1425.367 30
1426.367 29
1427.368 28
1428.368 28
1429.369 27
1430.369 27
1431.369 27
1432.370 27
1433.370 27
1434.371 27
1435.371 27
1436.372 27
1437.372 27
1438.373 27
1439.373 26
1440.374 26
1441.374 26
1442.375 26
1443.375 26
1444.376 26
1445.376 26
1446.377 26
1447.377 27
1448.378 27
1449.378 27
1450.379 27
1451.379 27
1452.380 26
1453.380 26
1454.381 26
1455.381 25
1456.382 25
1457.382 25
1458.383 25
1459.383 24
1460.384 24
1461.384 24
1462.384 24
1463.385 24
1464.385 25
1465.386 25
1466.386 25
1467.386 25
1468.387 25
1469.387 25
1470.388 25
1471.388 26
1472.389 26
1473.389 26
1474.390 26
1475.390 26
1476.391 26
1477.391 25
1478.391 26
1479.392 25
1480.392 25
1481.393 25
1482.393 25
1483.394 25
1484.395 25
1485.395 25
1486.396 25
1487.396 25
1488.397 24
1489.397 24
1490.398 24
1491.398 24
1492.398 23
1493.399 23
1494.399 23
1495.400 23
1496.400 24
1497.401 24
1498.401 23
1499.401 23
1500.402 23
1501.403 23
1502.403 23
1503.403 23
1504.404 24
1505.404 25
1506.405 25
1507.405 23
1508.406 23
1509.406 22
1510.406 23
1511.407 23
1512.407 22
1513.408 22
1514.408 22
1515.409 22
1516.409 22
1517.410 22
1518.410 22
1519.411 22
1520.411 22
1521.411 22
1522.412 22
1523.412 22
1524.413 22
1525.413 22
1526.414 22
1527.414 22
1528.415 22
1529.415 22
1530.416 22
1531.416 22
1532.417 22
1533.417 22
1534.417 22
1535.418 21
1536.419 21
1537.419 21
1538.420 21
1539.420 21
1540.421 21
1541.421 20
1542.422 21
1543.422 21
1544.423 21
1545.423 21
1546.424 21
1547.424 21
1548.425 21
1549.425 21
1550.426 22
1551.426 22
1552.427 22
1553.427 21
1554.428 21
1555.428 21
1556.429 21
1557.429 21
1558.430 21
1559.430 21
1560.431 21
1561.431 21
1562.432 21
1563.432 22
1564.433 22
1565.434 22
1566.434 22
1567.435 22
1568.435 22
1569.436 21
1570.437 21
1571.437 21
1572.438 21
1573.438 21
1574.439 21
1575.439 21
1576.440 21
1577.440 21
1578.440 21
1579.441 21
1580.441 22
1581.442 22
1582.443 22
1583.443 22
1584.444 22
1585.444 22
1586.445 22
1587.445 22
1588.445 22
1589.446 22
1590.447 21
1591.447 21
1592.447 21
1593.448 22
1594.448 22
1595.449 21
1596.449 21
1597.450 20
1598.450 20
1599.451 20
1600.451 20
1601.452 20
1602.452 20
1603.453 20
1604.453 20
1605.453 20
1606.454 20
1607.455 20
1608.455 20
1609.456 20
1610.456 20
1611.457 20
1612.457 20
1613.458 19
1614.458 19
1615.459 19
1616.459 19
1617.459 19
1618.460 19
1619.460 19
1620.461 19
1621.461 19
1622.462 19
1623.462 19
1624.462 19
1625.463 19
1626.464 18
1627.464 18
1628.465 18
1629.465 18
1630.466 17
1631.467 17
1632.467 17
1633.468 17
1634.468 17
1635.469 18
1636.469 18
1637.470 17
1638.470 17
1639.471 17
1640.471 17
1641.472 17
1642.472 17
1643.473 17
1644.473 17
1645.474 17
1646.474 17
1647.475 17
1648.475 17
1649.476 17
1650.476 18
1651.477 17
1652.477 17
1653.478 20
1654.478 21
1655.479 21
1656.479 21
1657.480 20
1658.480 20
1659.481 20
1660.481 20
1661.482 20
1662.482 20
1663.483 19
1664.483 19
1665.484 19
1666.484 19
1667.484 19
1668.485 18
1669.485 18
1670.486 18
1671.486 18
1672.487 18
1673.488 18
1674.488 18
1675.489 18
1676.489 18
1677.490 18
1678.490 18
1679.491 18
1680.491 18
1681.492 18
1682.492 18
1683.493 21
1684.493 21
1685.493 20
1686.494 20
1687.494 20
1688.495 20
1689.495 20
1690.496 20
1691.497 19
1692.497 19
1693.498 19
1694.498 19
1695.499 19
1696.499 19
1697.500 19
1698.500 19
1699.501 19
1700.501 19
1701.501 19
1702.502 19
1703.502 19
1704.503 19
1705.503 19
1706.504 19
1707.504 19
1708.505 19
1709.505 19
1710.506 19
1711.506 19
1712.507 19
1713.507 17
1714.508 17
1715.508 17
1716.508 16
1717.509 16
1718.510 16
1719.510 16
1720.511 15
1721.511 15
1722.512 15
1723.512 15
1724.513 15
1725.513 16
1726.514 18
1727.514 21
1728.515 21
1729.515 20
1730.516 20
1731.516 20
1732.517 20
1733.517 20
1734.518 20
1735.518 19
1736.519 19
1737.519 20
1738.520 20
1739.520 20
1740.521 20
1741.521 21
1742.521 20
1743.522 19
1744.522 19
1745.524 19
1746.524 20
1747.524 20
1748.525 20
1749.525 20
1750.526 20
1751.526 22
1752.527 22
1753.528 21
1754.528 21
1755.528 21
1756.529 21
1757.529 20
1758.530 20
1759.531 21
1760.531 22
1761.531 22
1762.532 22
1763.532 21
1764.533 21
1765.533 21
1766.534 22
1767.534 22
1768.535 22
1769.535 22
1770.536 23
1771.536 23
1772.537 23
1773.537 23
1774.538 23
1775.538 23
1776.539 23
1777.540 24
1778.540 24
1779.541 23
1780.541 23
1781.542 23
1782.542 22
1783.542 21
1784.543 21
1785.544 21
1786.545 21
1787.545 20
1788.545 21
1789.546 20
1790.546 20
1791.547 20
1792.547 21
1793.547 20
1794.548 20
1795.548 20
1796.548 20
1797.549 20
1798.549 20
1799.550 21
1800.550 20
1801.551 20
1802.551 20
1803.552 20
1804.552 20
1805.552 20
1806.553 18
1807.554 18
1808.554 18
1809.555 18
1810.555 18
1811.556 18
1812.556 18
1813.557 18
1814.557 18
1815.557 18
1816.558 18
1817.558 18
1818.559 18
1819.559 18
1820.560 20
1821.560 22
1822.560 23
1823.561 23
1824.561 23
1825.562 21
1826.562 21
1827.563 21
1828.564 21
1829.564 23
1830.565 24
1831.565 24
1832.565 23
1833.566 23
1834.567 23
1835.567 22
1836.567 22
1837.568 22
1838.568 25
1839.569 25
1840.569 24
1841.570 24
1842.570 23
1843.570 23
1844.571 23
1845.571 23
1846.572 23
1847.572 23
1848.573 24
1849.573 24
1850.574 22
1851.574 21
1852.574 21
1853.575 21
1854.575 21
1855.576 21
1856.576 21
1857.577 21
1858.577 21
1859.578 21
1860.578 21
1861.579 21
1862.579 21
1863.580 21
1864.580 21
1865.581 21
1866.581 20
1867.582 21
1868.582 21
1869.583 21
1870.583 21
1871.584 21
1872.584 20
1873.584 20
1874.585 20
1875.585 19
1876.586 19
1877.586 19
1878.587 19
1879.587 19
1880.588 18
1881.588 18
1882.588 17
1883.589 17
1884.589 17
1885.590 17
1886.590 16
1887.591 15
1888.592 15
1889.592 15
1890.592 16
1891.593 16
1892.594 16
1893.594 16
1894.595 16
1895.595 16
1896.596 16
1897.596 16
1898.596 16
1899.597 19
1900.597 19
1901.598 19
1902.598 18
1903.599 18
1904.599 18
1905.600 18
1906.600 18
1907.601 18
1908.601 17
1909.602 16
1910.602 16
1911.603 16
1912.603 16
1913.604 16
1914.604 16
1915.604 16
1916.605 16
1917.606 16
1918.606 16
1919.607 16
1920.607 16
1921.608 18
1922.608 18
1923.609 18
1924.609 18
1925.610 18
1926.610 18
1927.611 18
1928.611 19
1929.612 19
1930.612 19
1931.612 19
1932.613 19
1933.613 21
1934.614 20
1935.614 20
1936.615 20
1937.615 20
1938.616 19
1939.616 19
1940.617 19
1941.617 19
1942.617 19
1943.622 19
1944.623 19
1945.623 19
1946.626 19
1947.626 18
1948.627 18
1949.627 18
1950.628 18
1951.628 17
1952.629 17
1953.629 17
1954.630 17
1955.630 17
1956.631 17
1957.631 18
1958.632 18
1959.632 17
1960.633 17
1961.633 17
1962.634 17
1963.635 17
1964.635 17
1965.635 17
1966.636 17
1967.636 17
1968.637 17
1969.637 17
1970.638 17
1971.638 17
1972.639 17
1973.639 17
1974.640 17
1975.640 17
1976.641 16
1977.641 16
1978.642 16
1979.642 16
1980.642 16
1981.643 16
1982.643 16
1983.644 16
1984.644 18
1985.645 20
1986.645 20
1987.646 20
1988.646 20
1989.647 20
1990.647 20
1991.648 20
1992.648 20
1993.649 20
1994.649 20
1995.650 20
1996.650 20
1997.651 20
1998.651 20
1999.651 20
2000.652 20
2001.652 20
2002.653 22
2003.653 23
2004.654 22
2005.654 22
2006.655 22
2007.656 22
2008.656 22
2009.657 22
2010.657 22
2011.657 21
2012.658 21
2013.658 21
2014.659 18
2015.659 18
2016.660 18
2017.660 18
2018.661 17
2019.661 16
2020.662 16
2021.662 16
2022.663 16
2023.663 16
2024.663 16
2025.664 16
2026.664 15
2027.665 15
2028.666 15
2029.666 14
2030.666 16
2031.667 16
2032.667 16
2033.668 16
2034.668 15
2035.668 15
2036.669 15
2037.670 15
2038.670 15
2039.671 15
2040.671 14
2041.672 14
2042.672 14
2043.673 14
2044.673 14
2045.674 17
2046.674 20
2047.675 20
2048.675 20
2049.676 20
2050.677 20
2051.678 20
2052.679 20
2053.680 20
2054.681 20
2055.682 20
2056.683 20
2057.684 19
2058.685 18
2059.686 18
2060.687 18
2061.688 17
2062.689 18
2063.690 19
2064.691 18
2065.692 18
2066.693 17
2067.694 17
2068.695 17
2069.696 17
2070.697 18
2071.698 18
2072.699 18
2073.700 18
2074.701 19
2075.702 22
2076.703 24
2077.704 24
2078.705 24
2079.706 24
2080.707 24
2081.708 24
2082.708 24
2083.709 24
2084.710 24
2085.711 24
2086.712 24
2087.713 23
2088.714 22
2089.715 22
2090.716 22
2091.717 22
2092.718 22
2093.719 22
2094.720 22
2095.721 21
2096.722 21
2097.723 21
2098.724 21
2099.725 21
2100.726 21
2101.727 21
2102.728 21
2103.729 21
2104.730 21
2105.731 21
2106.732 21
2107.733 21
2108.734 21
2109.735 21
2110.736 21
2111.737 21
2112.738 21
2113.739 20
2114.740 20
2115.741 20
2116.742 20
2117.743 20
2118.744 20
2119.745 20
2120.746 21
2121.747 22
2122.748 23
2123.749 24
2124.750 24
2125.750 27
2126.751 27
2127.752 26
2128.753 27
2129.754 27
2130.755 27
2131.756 27
2132.757 28
2133.758 31
2134.759 31
2135.760 30
2136.761 31
2137.762 31
2138.763 31
2139.764 31
2140.765 31
2141.766 31
2142.767 29
2143.768 29
2144.769 29
2145.770 29
2146.771 29
2147.772 29
2148.773 28
2149.774 27
2150.775 25
2151.776 25
2152.777 23
2153.778 23
2154.779 23
2155.780 23
2156.781 23
2157.782 23
2158.783 23
2159.784 23
2160.785 23
2161.786 23
2162.787 22
2163.788 22
2164.789 22
2165.790 21
2166.791 21
2167.792 21
2168.792 22
2169.793 22
2170.794 25
2171.795 25
2172.796 25
2173.797 24
2174.798 25
2175.799 27
2176.800 27
2177.801 25
2178.802 24
2179.803 24
2180.804 24
2181.805 24
2182.806 24
2183.807 24
2184.808 24
2185.809 24
2186.810 24
2187.811 24
2188.812 24
2189.813 24
2190.814 24
2191.815 24
2192.816 23
2193.817 23
2194.818 23
2195.819 23
2196.820 23
2197.821 22
2198.822 21
2199.823 21
2200.824 21
2201.826 21
2202.827 21
2203.830 21
2204.831 21
2205.832 20
2206.833 20
2207.834 20
2208.835 20
2209.836 20
2210.837 21
2211.838 21
2212.839 21
2213.840 24
2214.841 24
2215.842 24
2216.843 24
2217.844 24
2218.844 25
2219.845 25
2220.846 25
2221.847 25
2222.848 25
2223.849 25
2224.850 24
2225.851 24
2226.852 24
2227.853 24
2228.854 24
2229.855 24
2230.856 24
2231.857 24
2232.858 24
2233.859 24
2234.860 24
2235.861 24
2236.862 24
2237.863 24
2238.864 24
2239.865 24
2240.866 23
2241.867 22
2242.868 22
2243.869 23
2244.870 23
2245.871 23
2246.872 23
2247.873 22
2248.874 22
2249.875 22
2250.876 22
2251.877 22
2252.878 21
2253.879 21
2254.880 21
2255.881 21
2256.882 21
2257.883 21
2258.884 21
2259.885 21
2260.885 21
2261.886 21
2262.887 21
2263.888 21
2264.889 21
2265.890 21
2266.891 21
2267.892 21
2268.893 21
2269.894 21
2270.895 21
2271.896 21
2272.897 21
2273.898 21
2274.899 21
2275.900 21
2276.901 21
2277.902 20
2278.903 19
2279.904 19
2280.905 19
2281.906 19
2282.907 19
2283.908 22
2284.909 23
2285.910 23
2286.911 24
2287.912 24
2288.913 24
2289.914 24
2290.915 24
2291.916 24
2292.917 24
2293.918 24
2294.919 24
2295.920 24
2296.921 24
2297.922 24
2298.923 23
2299.924 23
2300.925 23
2301.926 23
2302.927 23
2303.927 23
2304.928 22
2305.929 22
2306.930 22
2307.931 22
2308.932 22
2309.933 22
2310.934 21
2311.935 21
2312.936 21
2313.937 21
2314.938 21
2315.939 21
2316.940 19
2317.941 19
2318.942 20
2319.943 20
2320.944 20
2321.945 20
2322.946 20
2323.947 19
2324.948 19
2325.949 19
2326.950 20
2327.951 19
2328.952 19
2329.953 19
2330.954 19
2331.955 18
2332.956 18
2333.957 18
2334.958 18
2335.959 17
2336.960 20
2337.961 20
2338.962 22
2339.963 21
2340.964 22
2341.965 22
2342.966 22
2343.967 21
2344.968 21
2345.969 21
2346.969 21
2347.970 22
2348.971 22
2349.972 23
2350.973 23
2351.974 23
2352.975 23
2353.976 22
2354.977 22
2355.978 22
2356.979 22
2357.980 22
2358.981 22
2359.982 21
2360.983 21
2361.984 20
2362.985 20
2363.986 20
2364.987 23
2365.988 22
2366.989 27
2367.990 26
2368.991 26
2369.992 26
2370.993 26
2371.994 26
2372.995 25
2373.996 23
2374.997 22
2375.998 22
2376.999 21
2378.000 21
2379.001 21
2380.002 20
2381.003 20
2382.004 20
2383.005 20
2384.006 20
2385.007 20
2386.008 20
2387.009 19
2388.010 19
2389.010 19
2390.011 19
2391.012 19
2392.013 18
2393.014 18
2394.017 18
2395.018 18
2396.019 18
2397.020 16
2398.021 16
2399.021 16
2400.022 16
2401.023 16
2402.024 16
2403.025 15
2404.026 15
2405.027 15
2406.028 15
2407.029 15
2408.030 15
2409.031 15
2410.032 15
2411.033 15
2412.034 15
2413.035 15
2414.037 15
2415.038 15
2416.039 15
2417.040 15
2418.041 15
2419.042 15
2420.043 15
2421.044 15
2422.045 15
2423.046 15
2424.048 15
2425.049 15
2426.051 15
2427.052 15
2428.052 15
2429.053 15
2430.054 15
2431.055 15
2432.056 15
2433.057 15
2434.058 13
2435.059 13
2436.060 13
2437.061 13
2438.062 15
2439.063 15
2440.064 16
2441.065 16
2442.066 16
2443.067 16
2444.068 15
2445.069 15
2446.070 15
2447.071 15
2448.072 15
2449.073 15
2450.074 15
2451.075 15
2452.076 15
2453.077 15
2454.078 15
2455.079 18
2456.080 18
2457.081 17
2458.082 17
2459.083 17
2460.084 16
2461.085 15
2462.086 15
2463.087 15
2464.088 15
2465.089 15
2466.090 15
2467.091 15
2468.092 15
2469.093 15
2470.094 18
2471.094 17
2472.095 17
2473.096 16
2474.097 16
2475.098 17
2476.099 17
2477.100 17
2478.101 16
2479.102 15
2480.103 15
2481.104 15
2482.105 15
2483.106 15
2484.107 15
2485.108 15
2486.109 15
2487.110 15
2488.111 15
2489.112 15
2490.113 15
2491.114 15
2492.115 15
2493.116 15
2494.117 15
2495.118 15
2496.119 15
2497.120 15
2498.121 15
2499.122 15
2500.123 15
2501.124 14
2502.125 14
2503.126 14
2504.127 14
2505.128 15
2506.129 15
2507.130 15
2508.131 15
2509.132 15
2510.133 16
2511.134 16
2512.135 16
2513.135 16
2514.136 16
2515.137 17
2516.138 17
2517.139 17
2518.140 18
2519.141 20
2520.142 21
2521.143 20
2522.144 20
2523.145 20
2524.146 19
2525.147 19
2526.148 18
2527.149 18
2528.150 18
2529.151 18
2530.152 18
2531.153 18
2532.154 18
2533.155 18
2534.156 18
2535.157 18
2536.158 18
2537.159 17
2538.160 17
2539.161 17
2540.162 17
2541.163 17
2542.164 17
2543.165 17
2544.166 17
2545.167 17
2546.168 20
2547.169 20
2548.170 19
2549.171 19
2550.172 20
2551.173 20
2552.174 21
2553.175 20
2554.176 21
2555.177 21
2556.177 21
2557.178 21
2558.179 20
2559.180 20
2560.181 20
2561.182 20
2562.183 20
2563.184 20
2564.185 20
2565.186 20
2566.187 19
2567.188 19
2568.189 19
2569.190 19
2570.191 20
2571.192 21
2572.193 21
2573.194 21
2574.195 21
2575.196 23
2576.197 23
2577.198 26
2578.199 26
2579.200 25
2580.201 26
2581.202 26
2582.203 26
2583.204 26
2584.205 26
2585.206 29
2586.207 29
2587.208 29
2588.209 27
2589.210 27
2590.211 26
2591.212 26
2592.213 26
2593.214 26
2594.215 27
2595.216 27
2596.217 27
2597.218 26
2598.219 25
2599.219 25
2600.220 25
2601.221 25
2602.222 26
2603.223 26
2604.224 26
2605.225 25
2606.226 25
2607.227 25
2608.228 24
2609.229 24
2610.230 24
2611.231 24
2612.232 24
2613.233 24
2614.234 24
2615.235 24
2616.236 25
2617.237 25
2618.238 25
2619.239 25
2620.240 25
2621.241 25
2622.242 29
2623.243 30
2624.244 30
2625.245 31
2626.246 32
2627.247 33
2628.248 33
2629.249 33
2630.250 33
2631.251 34
2632.252 36
2633.253 37
2634.254 36
2635.255 36
2636.256 35
2637.257 35
2638.258 35
2639.259 34
2640.260 34
2641.260 34
2642.261 34
2643.262 34
2644.263 34
2645.264 34
2646.265 34
2647.266 34
2648.267 34
2649.268 34
2650.269 34
2651.270 34
2652.271 34
2653.272 34
2654.273 34
2655.274 33
2656.275 33
2657.276 35
2658.277 36
2659.278 36
2660.279 36
2661.280 36
2662.281 37
2663.282 37
2664.283 39
2665.284 39
2666.285 37
2667.286 37
2668.287 38
2669.288 38
2670.289 38
2671.290 38
2672.291 38
2673.292 38
2674.293 37
2675.294 37
2676.295 37
2677.296 37
2678.297 38
2679.298 38
2680.299 39
2681.300 37
2682.301 37
2683.302 37
2684.302 37
2685.303 37
2686.304 37
2687.305 37
2688.306 37
2689.307 36
2690.308 36
2691.309 36
2692.310 35
2693.311 35
2694.312 35
2695.313 34
2696.314 33
2697.315 33
2698.316 33
2699.317 33
2700.318 33
2701.319 33
2702.320 33
2703.321 33
2704.322 33
2705.323 33
2706.324 33
2707.325 33
2708.326 33
2709.327 33
2710.328 32
2711.329 36
2712.330 35
2713.331 35
2714.332 35
2715.333 35
2716.334 38
2717.335 39
2718.336 40
2719.337 40
2720.338 40
2721.339 40
2722.340 39
2723.341 38
2724.342 38
2725.343 39
2726.344 38
2727.344 38
2728.345 38
2729.346 37
2730.347 37
2731.348 37
2732.349 37
2733.350 37
2734.351 37
2735.352 37
2736.353 36
2737.354 36
2738.355 36
2739.356 36
2740.357 36
2741.358 35
2742.359 35
2743.360 35
2744.361 35
2745.362 35
2746.363 35
2747.364 35
2748.365 35
2749.366 35
2750.367 35
2751.368 35
2752.369 35
2753.370 35
2754.371 35
2755.372 35
2756.373 35
2757.374 35
2758.375 35
2759.376 35
2760.377 34
2761.378 34
2762.379 34
2763.380 35
2764.381 36
2765.382 36
2766.383 36
2767.384 36
2768.385 35
2769.385 33
2770.386 33
2771.387 34
2772.388 34
2773.389 34
2774.390 34
2775.391 34
2776.392 34
2777.393 34
2778.394 35
2779.395 35
2780.396 35
2781.397 35
2782.398 35
2783.399 35
2784.400 35
2785.401 35
2786.402 35
2787.403 35
2788.404 34
2789.405 34
2790.406 34
2791.407 34
2792.408 34
2793.409 34
2794.410 34
2795.411 34
2796.412 34
2797.413 34
2798.414 33
2799.415 33
2800.416 33
2801.417 33
2802.418 33
2803.419 33
2804.420 33
2805.421 33
2806.422 33
2807.423 33
2808.424 33
2809.425 33
2810.426 33
2811.427 33
2812.427 33
2813.428 33
2814.429 33
2815.430 32
2816.431 33
2817.432 33
2818.433 33
2819.434 33
2820.435 33
2821.436 32
2822.437 32
2823.438 32
2824.439 32
2825.440 32
2826.441 32
2827.442 32
2828.443 31
2829.444 32
2830.445 31
2831.446 29
2832.447 30
2833.448 30
2834.449 30
2835.450 30
2836.451 30
2837.452 30
2838.453 30
2839.454 30
2840.455 30
2841.456 30
2842.457 30
2843.458 30
2844.459 29
2845.460 29
2846.461 29
2847.462 29
2848.463 28
2849.464 28
2850.465 28
2851.466 30
2852.467 29
2853.468 29
2854.469 29
2855.469 27
2856.470 27
2857.471 28
2858.472 27
2859.473 28
2860.474 28
2861.475 30
2862.476 31
2863.477 30
2864.478 30
2865.479 30
2866.480 30
2867.481 30
2868.482 30
2869.483 30
2870.484 30
2871.485 30
2872.486 30
2873.487 30
2874.488 30
2875.489 29
2876.490 28
2877.491 27
2878.492 27
2879.493 26
2880.494 26
2881.495 26
2882.496 26
2883.497 26
2884.498 25
2885.499 25
2886.500 24
2887.501 25
2888.502 28
2889.503 27
2890.504 27
2891.505 26
2892.506 27
2893.507 27
2894.508 28
2895.509 28
2896.510 26
2897.510 26
2898.511 27
2899.512 27
2900.513 27
2901.514 27
2902.515 27
2903.516 27
2904.517 27
2905.518 27
2906.519 27
2907.520 27
2908.521 27
2909.522 27
2910.523 26
2911.524 26
2912.525 26
2913.526 26
2914.527 26
2915.528 26
2916.529 26
2917.530 26
2918.531 26
2919.532 26
2920.533 26
2921.534 26
2922.535 26
2923.536 26
2924.537 26
2925.538 26
2926.539 26
2927.540 26
2928.541 26
2929.542 27
2930.543 28
2931.544 27
2932.545 27
2933.546 27
2934.547 27
2935.548 31
2936.549 31
2937.550 32
2938.551 32
2939.552 32
2940.552 32
2941.553 32
2942.554 31
2943.555 31
2944.556 30
2945.557 30
2946.558 30
2947.559 30
2948.560 29
2949.561 29
2950.562 29
2951.563 29
2952.564 29
2953.565 29
2954.566 29
2955.567 29
2956.568 29
2957.569 30
2958.570 30
2959.571 30
2960.572 29
2961.573 28
2962.574 28
2963.575 28
2964.576 28
2965.577 28
2966.578 28
2967.579 28
2968.580 28
2969.581 28
2970.582 28
2971.583 28
2972.584 27
2973.585 27
2974.586 27
2975.587 27
2976.588 27
2977.589 26
2978.590 26
2979.591 25
2980.592 24
2981.593 24
2982.594 24
2983.594 22
2984.595 22
2985.596 22
2986.597 21
2987.598 21
2988.599 21
2989.600 21
2990.601 21
2991.602 20
2992.603 20
2993.604 19
2994.605 19
2995.606 19
2996.607 19
2997.608 19
2998.609 19
2999.610 18
3000.611 18
3001.612 18
3002.613 18
3003.614 18
3004.615 18
3005.616 18
3006.617 18
3007.818 17
3008.819 17
3009.820 17
3010.821 16
3011.822 15
3012.823 15
3013.824 15
3014.825 15
3015.826 15
3016.827 17
3017.828 17
3018.829 17
3019.830 17
3020.831 16
3021.832 16
3022.833 16
3023.834 16
3024.835 15
3025.836 15
3026.837 15
3027.838 15
3028.839 15
3029.840 15
3030.841 15
3031.842 15
3032.843 15
3033.844 15
3034.844 15
3035.845 15
3036.846 15
3037.847 15
3038.848 15
3039.849 15
3040.850 15
3041.851 15
3042.852 15
3043.853 18
3044.854 20
3045.855 21
3046.856 21
3047.857 22
3048.858 21
3049.859 22
3050.860 22
3051.861 23
3052.862 25
3053.863 24
3054.864 23
3055.865 24
3056.866 25
3057.867 25
3058.868 24
3059.869 24
3060.870 24
3061.871 24
3062.872 24
3063.873 24
3064.874 24
3065.875 24
3066.876 24
3067.877 24
3068.878 26
3069.879 27
3070.880 27
3071.881 27
3072.882 27
3073.883 27
3074.884 27
3075.885 27
3076.885 25
3077.886 25
3078.887 25
3079.888 24
3080.889 24
3081.890 24
3082.891 23
3083.892 24
3084.893 24
3085.894 25
3086.895 24
3087.896 24
3088.897 24
3089.898 23
3090.899 23
3091.900 23
3092.901 25
3093.902 29
3094.903 28
3095.904 27
3096.905 27
3097.906 30
3098.907 31
3099.908 31
3100.909 31
3101.910 31
3102.911 30
3103.912 30
3104.913 29
3105.914 28
3106.922 28
3107.923 28
3108.924 28
3109.925 29
3110.926 28
3111.927 27
3112.928 26
3113.929 26
3114.930 26
3115.931 26
3116.932 26
3117.933 26
3118.934 26
3119.935 26
3120.936 29
3121.937 28
3122.938 28
3123.939 28
3124.940 29
3125.941 31
3126.942 31
3127.943 31
3128.944 31
3129.945 35
3130.946 36
3131.947 37
3132.948 35
3133.949 35
3134.950 36
3135.952 35
3136.953 36
3137.954 36
3138.955 36
3139.956 36
3140.957 35
3141.958 35
3142.958 35
3143.959 34
3144.960 34
3145.961 33
3146.962 33
3147.963 32
3148.964 32
3149.965 32
3150.966 32
3151.967 32
3152.968 31
3153.969 31
3154.970 31
3155.971 31
3156.972 31
3157.973 31
3158.974 31
3159.975 31
3160.976 33
3161.977 34
3162.978 34
3163.979 34
3164.980 34
3165.985 33
3166.986 32
3167.987 32
3168.988 34
3169.989 34
3170.990 35
3171.991 35
3172.992 34
3173.993 34
3174.994 34
3175.995 34
3176.996 34
3177.997 34
3178.998 34
3179.999 32
3181.000 33
3182.001 33
3183.002 33
3184.003 33
3185.004 33
3186.005 33
3187.006 32
3188.007 32
3189.008 32
3190.009 31
3191.010 30
3192.010 29
3193.011 29
3194.012 28
3195.013 28
3196.014 28
3197.015 28
3198.016 28
3199.017 28
3200.018 33
3201.019 34
3202.020 34
3203.021 35
3204.022 33
3205.023 33
3206.024 33
3207.025 33
3208.026 32
3209.027 32
3210.028 31
3211.029 31
3212.030 31
3213.031 29
3214.032 29
3215.033 29
3216.034 28
3217.035 28
3218.036 28
3219.037 28
3220.038 28
3221.039 28
3222.040 28
3223.041 28
3224.042 28
3225.043 28
3226.044 27
3227.045 28
3228.046 28
3229.047 28
3230.048 31
3231.049 30
3232.050 30
3233.051 30
3234.052 30
3235.052 30
3236.053 30
3237.054 30
3238.055 30
3239.056 30
3240.057 29
3241.058 28
3242.059 27
3243.060 27
3244.061 27
3245.062 27
3246.063 27
3247.064 27
3248.065 26
3249.066 26
3250.067 26
3251.068 25
3252.069 25
3253.070 24
3254.071 24
3255.072 26
3256.073 26
3257.074 26
3258.075 26
3259.076 26
3260.077 26
3261.078 29
3262.079 30
3263.080 30
3264.081 31
3265.082 30
3266.083 29
3267.084 28
3268.085 28
3269.086 27
3270.087 27
3271.088 27
3272.089 27
3273.090 27
3274.091 27
3275.092 27
3276.093 26
3277.094 26
3278.094 26
3279.095 27
3280.096 27
3281.097 28
3282.098 28
3283.099 28
3284.100 28
3285.101 28
3286.102 28
3287.103 28
3288.104 28
3289.105 28
3290.106 28
3291.107 28
3292.108 28
3293.109 29
3294.110 30
3295.111 30
3296.112 30
3297.113 29
3298.114 29
3299.115 29
3300.116 29
3301.117 29
3302.118 29
3303.119 29
3304.120 29
3305.121 28
3306.122 28
3307.123 28
3308.124 28
3309.125 28
3310.126 28
3311.127 28
3312.128 28
3313.129 28
3314.130 27
3315.131 26
3316.132 25
3317.133 24
3318.134 24
3319.135 24
3320.135 26
3321.136 28
3322.137 27
3323.138 27
3324.139 27
3325.140 27
3326.141 27
3327.142 27
3328.143 27
3329.144 28
3330.145 28
3331.146 28
3332.147 28
3333.148 28
3334.149 28
3335.150 28
3336.151 28
3337.152 28
3338.153 27
3339.154 27
3340.155 27
3341.156 28
3342.157 28
3343.158 28
3344.159 28
3345.160 29
3346.161 29
3347.162 29
3348.163 29
3349.164 28
3350.165 29
3351.166 28
3352.167 28
3353.168 28
3354.169 28
3355.170 29
3356.171 29
3357.172 27
3358.173 27
3359.174 26
3360.175 26
3361.176 29
3362.177 30
3363.177 30
3364.178 30
3365.179 30
3366.180 29
3367.181 27
3368.182 27
3369.183 27
3370.184 27
3371.185 26
3372.186 26
3373.187 26
3374.188 26
3375.189 31
3376.190 32
3377.191 31
3378.192 32
3379.193 34
3380.194 34
3381.195 34
3382.196 33
3383.197 30
3384.198 30
3385.199 29
3386.200 28
3387.201 28
3388.202 28
3389.203 28
3390.204 28
3391.205 28
3392.206 28
3393.207 28
3394.208 27
3395.209 27
3396.210 27
3397.211 27
3398.212 27
3399.213 27
3400.214 27
3401.215 27
3402.216 26
3403.217 25
3404.218 25
3405.219 25
3406.219 25
3407.220 28
3408.221 28
3409.222 30
3410.223 30
3411.224 30
3412.225 30
3413.226 29
3414.227 29
3415.228 29
3416.229 30
3417.230 30
3418.231 30
3419.232 31
3420.233 32
3421.234 32
3422.235 32
3423.236 32
3424.237 32
3425.238 32
3426.239 32
3427.240 32
3428.241 32
3429.242 32
3430.243 32
3431.244 33
3432.245 33
3433.246 33
3434.247 33
3435.248 33
3436.249 34
3437.250 35
3438.251 35
3439.252 35
3440.253 35
3441.254 35
3442.255 35
3443.256 35
3444.257 35
3445.258 35
3446.259 34
3447.260 34
3448.260 31
3449.261 32
3450.262 30
3451.263 30
3452.264 30
3453.265 29
3454.266 31
3455.267 34
3456.268 34
3457.269 34
3458.270 33
3459.271 33
3460.272 33
3461.273 33
3462.274 33
3463.275 33
3464.276 33
3465.277 33
3466.278 33
3467.279 33
3468.280 32
3469.281 32
3470.282 32
3471.283 32
3472.284 32
3473.285 32
3474.286 34
3475.287 35
3476.288 34
3477.289 33
3478.290 33
3479.291 33
3480.292 35
3481.293 36
3482.294 35
3483.295 33
3484.296 33
3485.297 32
3486.298 32
3487.299 31
3488.300 31
3489.301 31
3490.302 31
3491.302 30
3492.303 30
3493.304 30
3494.305 30
3495.306 30
3496.307 30
3497.308 32
3498.309 32
3499.310 32
3500.311 32
3501.312 33
3502.313 33
3503.314 33
3504.315 33
3505.316 33
3506.317 33
3507.318 33
3508.319 33
3509.320 33
3510.321 34
3511.322 32
3512.323 32
3513.324 32
3514.325 32
3515.326 32
3516.327 32
3517.328 32
3518.329 32
3519.330 32
3520.331 32
3521.332 32
3522.333 32
3523.334 32
3524.335 36
3525.336 36
3526.337 35
3527.338 34
3528.339 34
3529.340 34
3530.341 33
3531.342 32
3532.343 32
3533.344 32
3534.345 32
3535.346 32
3536.347 32
3537.348 33
3538.349 33
3539.350 33
3540.351 32
3541.352 31
3542.353 31
3543.354 30
3544.354 30
3545.355 30
3546.356 30
3547.357 30
3548.358 30
3549.359 32
3550.360 32
3551.361 32
3552.362 32
3553.363 32
3554.364 32
3555.365 32
3556.366 32
3557.367 31
3558.368 31
3559.369 32
3560.370 32
3561.371 31
3562.372 33
3563.373 34
3564.374 35
3565.375 34
3566.376 32
3567.377 32
3568.378 33
3569.379 34
3570.380 34
3571.381 34
3572.382 34
3573.383 34
3574.384 34
3575.385 34
3576.386 34
3577.387 32
3578.388 32
3579.389 31
3580.390 31
3581.391 30
3582.392 30
3583.393 30
3584.394 29
3585.395 29
3586.396 29
3587.396 29
3588.397 29
3589.398 29
3590.399 29
3591.400 29
3592.401 29
3593.402 29
3594.403 29
3595.404 29
3596.405 28
3597.406 28
3598.407 28
3599.408 28
