1.295 0
2.295 3
3.296 5
4.296 10
5.297 17
6.297 20
7.297 19
8.298 22
9.298 21
10.298 23
11.299 28
12.499 31
13.499 34
14.500 36
15.500 36
16.500 37
17.501 39
18.501 40
19.502 42
20.502 45
21.502 48
22.503 54
23.503 56
24.503 64
25.504 70
26.504 72
27.505 75
28.505 75
29.506 78
30.506 79
31.506 79
32.507 80
33.507 82
34.507 86
35.508 87
36.508 88
37.508 91
38.509 97
39.509 100
40.509 99
41.510 98
42.510 100
43.511 100
44.511 100
45.511 106
46.512 109
47.512 112
48.512 118
49.513 119
50.513 120
51.514 120
52.514 123
53.514 123
54.515 125
55.515 127
56.515 129
57.516 131
58.516 133
59.516 136
60.517 137
61.517 140
62.518 141
63.518 145
64.518 146
65.518 149
66.519 149
67.519 150
68.520 150
69.520 153
70.520 156
71.521 157
72.521 163
73.522 164
74.522 163
75.522 166
76.523 168
77.524 167
78.524 169
79.524 176
80.525 177
81.525 182
82.526 184
83.526 186
84.526 185
85.527 186
86.527 187
87.527 188
88.528 190
89.528 190
90.529 191
91.529 194
92.530 201
93.530 198
94.530 200
95.531 202
96.531 205
97.532 206
98.532 206
99.532 206
100.533 209
101.533 212
102.533 214
103.534 218
104.534 217
105.535 221
106.535 219
107.535 222
108.536 225
109.537 227
110.537 230
111.538 233
112.538 232
113.538 234
114.539 235
115.539 236
116.540 242
117.540 245
118.540 247
119.541 248
120.541 251
121.542 260
122.542 265
123.542 269
124.543 274
125.543 276
126.543 279
127.544 290
128.544 292
129.545 291
130.545 291
131.546 290
132.546 291
133.547 292
134.547 295
135.547 299
136.548 306
137.548 311
138.549 315
139.549 317
140.549 321
141.550 322
142.550 324
143.550 332
144.551 329
145.551 333
146.552 336
147.552 335
148.552 341
149.553 342
150.553 340
151.554 347
152.554 350
153.555 349
154.555 356
155.556 357
156.556 355
157.556 353
158.557 353
159.557 353
160.558 351
161.558 359
162.759 364
163.759 367
164.759 366
165.760 371
166.760 369
167.761 373
168.761 380
169.761 383
170.762 386
171.762 386
172.762 389
173.763 393
174.763 394
175.764 393
176.764 393
177.765 394
178.765 393
179.766 391
180.766 389
181.767 390
182.767 396
183.768 399
184.768 401
185.768 401
186.769 401
187.769 405
188.770 403
189.770 407
190.771 414
191.771 414
192.772 414
193.772 416
194.773 417
195.773 416
196.773 419
197.774 422
198.774 427
199.775 434
200.775 430
201.776 431
202.776 434
203.776 435
204.777 436
205.777 440
206.777 444
207.778 443
208.778 445
209.779 445
210.779 444
211.780 443
212.780 441
213.781 442
214.781 446
215.782 446
216.782 444
217.782 444
218.783 442
219.783 440
220.783 440
221.784 448
222.784 453
223.785 456
224.785 456
225.786 462
226.786 461
227.787 461
228.787 463
229.788 464
230.788 469
231.789 472
232.789 473
233.790 472
234.790 473
235.790 474
236.791 473
237.791 473
238.792 476
239.792 478
240.793 481
241.793 482
242.794 483
243.794 483
244.794 483
245.795 483
246.795 481
247.796 480
248.796 480
249.797 478
250.797 477
251.798 477
252.798 480
253.799 481
254.799 481
255.800 481
256.800 484
257.801 481
258.801 483
259.801 482
260.802 490
261.802 492
262.803 494
263.803 498
264.803 502
265.804 503
266.804 505
267.804 503
268.804 503
269.805 502
270.805 504
271.805 504
272.806 503
273.806 501
274.807 498
275.807 499
276.807 499
277.808 499
278.808 500
279.808 501
280.809 506
281.809 510
282.809 511
283.810 511
284.810 513
285.810 513
286.810 510
287.811 505
288.811 508
289.811 505
290.812 506
291.812 510
292.812 513
293.813 506
294.813 508
295.814 507
296.814 505
297.814 505
298.815 505
299.815 507
300.815 509
301.816 508
302.816 505
303.816 503
304.817 500
305.817 500
306.818 496
307.818 501
308.818 499
309.819 500
310.819 504
311.820 505
312.820 502
313.820 502
314.821 500
315.821 505
316.821 505
317.822 505
318.823 507
319.823 506
320.823 505
321.824 507
322.824 508
323.824 505
324.825 510
325.825 519
326.825 521
327.826 519
328.826 520
329.827 517
330.827 513
331.827 512
332.828 511
333.828 510
334.829 515
335.829 515
336.829 516
337.830 515
338.830 515
339.831 517
340.831 522
341.832 525
342.832 524
343.833 522
344.833 522
345.833 519
346.833 519
347.834 518
348.834 523
349.834 532
350.835 533
351.835 536
352.836 537
353.836 538
354.836 540
355.837 536
356.837 538
357.837 542
358.838 540
359.838 537
360.838 534
361.839 533
362.839 529
363.839 526
364.840 528
365.840 524
366.841 523
367.841 521
368.841 525
369.842 526
370.842 532
371.842 534
372.843 530
373.843 528
374.844 527
375.844 531
376.844 535
377.845 532
378.845 531
379.845 533
380.846 537
381.846 536
382.847 534
383.847 533
384.848 535
385.848 534
386.848 534
387.849 535
388.849 534
389.849 538
390.850 540
391.850 543
392.851 541
393.851 542
394.851 544
395.852 546
396.852 549
397.853 550
398.853 549
399.854 547
400.854 550
401.854 547
402.855 546
403.855 553
404.856 547
405.856 544
406.856 543
407.857 543
408.857 542
409.858 545
410.858 546
411.858 547
412.859 547
413.859 553
414.860 556
415.860 555
416.860 553
417.861 555
418.861 552
419.862 552
420.862 553
421.862 554
422.863 554
423.863 552
424.864 554
425.864 550
426.864 549
427.865 556
428.865 559
429.866 556
430.866 553
431.867 549
432.867 563
433.867 565
434.868 561
435.868 562
436.868 561
437.869 567
438.869 570
439.870 569
440.870 567
441.870 566
442.871 563
443.871 564
444.871 564
445.872 566
446.872 563
447.873 567
448.873 565
449.873 565
450.874 561
451.874 561
452.874 565
453.875 562
454.875 562
455.876 561
456.876 566
457.876 569
458.877 566
459.877 573
460.877 577
461.878 578
462.878 590
463.878 590
464.879 587
465.879 587
466.879 587
467.880 586
468.880 586
469.881 588
470.881 586
471.882 589
472.882 585
473.883 585
474.883 587
475.883 592
476.884 592
477.884 591
478.884 592
479.885 590
480.885 588
481.886 591
482.886 594
483.886 596
484.887 593
485.887 592
486.888 589
487.888 588
488.889 585
489.889 587
490.889 587
491.890 586
492.890 585
493.890 587
494.891 593
495.891 591
496.891 593
497.891 595
498.892 593
499.892 590
500.893 587
501.893 595
502.894 595
503.894 598
504.894 599
505.895 597
506.895 599
507.896 592
508.896 592
509.897 591
510.897 586
511.897 589
512.897 595
513.898 601
514.898 601
515.898 599
516.899 604
517.899 603
518.899 604
519.899 601
520.900 601
521.900 606
522.900 604
523.901 601
524.901 601
525.901 601
526.902 602
527.902 596
528.902 600
529.903 598
530.903 601
531.903 608
532.903 612
533.904 609
534.904 614
535.904 612
536.905 612
537.905 610
538.905 607
539.905 600
540.906 607
541.906 609
542.906 613
543.906 613
544.906 616
545.907 619
546.907 618
547.908 618
548.908 616
549.908 612
550.908 613
551.909 613
552.909 612
553.909 610
554.910 612
555.910 605
556.910 602
557.910 601
558.911 599
559.911 600
560.911 601
561.912 606
562.912 606
563.912 607
564.913 606
565.913 606
566.913 604
567.913 606
568.913 604
569.914 604
570.914 602
571.914 604
572.915 611
573.915 611
574.915 610
575.915 607
576.916 603
577.916 603
578.916 609
579.917 607
580.917 609
581.917 609
582.918 605
583.918 601
584.918 604
585.919 605
586.919 604
587.919 605
588.920 608
589.920 603
590.920 605
591.921 610
592.921 616
593.922 616
594.922 617
595.922 614
596.922 612
597.923 609
598.923 609
599.923 610
600.924 608
601.924 606
602.924 606
603.924 610
604.925 604
605.925 605
606.925 606
607.926 602
608.926 601
609.926 601
610.927 602
611.927 602
612.927 600
613.927 601
614.928 607
615.928 606
616.928 600
617.929 602
618.929 603
619.929 603
620.929 604
621.930 596
622.930 596
623.930 596
624.931 596
625.931 594
626.932 594
627.932 593
628.932 594
629.932 594
630.933 597
631.933 599
632.933 601
633.934 599
634.934 598
635.934 595
636.935 594
637.935 598
638.935 595
639.936 594
640.936 596
641.936 598
642.936 597
643.937 594
644.937 597
645.938 596
646.938 601
647.938 602
648.938 600
649.939 600
650.939 598
651.939 602
652.940 601
653.940 602
654.951 602
655.951 603
656.951 611
657.952 614
658.952 614
659.952 617
660.953 619
661.953 620
662.953 619
663.954 625
664.954 630
665.954 629
666.955 629
667.956 630
668.956 629
669.956 626
670.957 624
671.957 626
672.957 631
673.958 633
674.958 631
675.958 630
676.958 628
677.959 627
678.959 633
679.959 636
680.959 635
681.960 638
682.960 634
683.960 632
684.960 625
685.961 621
686.961 626
687.961 625
688.962 621
689.962 623
690.963 618
691.963 616
692.964 622
693.964 620
694.964 620
695.964 619
696.965 615
697.965 618
698.966 616
699.966 614
700.966 613
701.967 613
702.967 612
703.967 610
704.967 613
705.967 614
706.968 611
707.968 608
708.968 610
709.969 605
710.969 615
711.969 615
712.970 613
713.970 613
714.970 617
715.970 620
716.971 619
717.971 622
718.971 619
719.972 616
720.972 616
721.972 614
722.973 620
723.973 623
724.973 621
725.974 617
726.974 615
727.974 615
728.975 616
729.975 621
730.976 625
731.976 626
732.976 626
733.977 619
734.977 620
735.977 619
736.978 618
737.978 615
738.978 620
739.979 626
740.979 626
741.979 626
742.979 628
743.980 631
744.980 630
745.981 635
746.981 638
747.982 638
748.982 638
749.982 639
750.983 638
751.983 636
752.983 639
753.984 637
754.984 642
755.984 644
756.985 646
757.985 642
758.985 638
759.985 634
760.986 635
761.987 635
762.987 637
763.987 632
764.988 645
765.988 642
766.988 643
767.989 649
768.989 651
769.989 653
770.990 649
771.990 651
772.990 651
773.991 658
774.991 658
775.992 657
776.992 657
777.992 654
778.993 651
779.993 653
780.994 656
781.994 661
782.994 665
783.995 662
784.995 661
785.995 657
786.995 654
787.996 645
788.996 646
789.996 642
790.996 644
791.997 643
792.997 646
793.997 648
794.998 643
795.998 640
796.998 636
797.999 632
798.999 630
799.999 629
801.000 634
802.000 636
803.001 636
804.001 638
805.001 637
806.001 639
807.002 640
808.002 645
809.003 642
810.003 641
811.003 641
812.003 640
813.004 633
814.004 634
815.004 633
816.005 641
817.005 642
818.005 640
819.005 638
820.006 638
821.006 640
822.006 640
823.007 641
824.009 643
825.009 642
826.009 639
827.009 636
828.010 633
829.010 635
830.010 639
831.011 642
832.011 645
833.011 646
834.012 646
835.012 648
836.012 648
837.012 645
838.012 643
839.013 643
840.013 643
841.013 644
842.013 644
843.014 642
844.014 643
845.015 647
846.015 648
847.015 651
848.016 646
849.016 642
850.016 634
851.017 637
852.017 641
853.017 643
854.017 637
855.018 637
856.018 634
857.018 634
858.019 636
859.019 638
860.019 640
861.019 636
862.020 639
863.020 641
864.020 642
865.021 639
866.021 642
867.021 641
868.022 638
869.022 641
870.022 642
871.023 642
872.023 641
873.023 638
874.024 637
875.024 640
876.024 642
877.024 641
878.025 641
879.025 640
880.025 639
881.026 638
882.026 639
883.026 638
884.026 637
885.027 636
886.027 635
887.027 629
888.028 625
889.028 618
890.028 617
891.029 616
892.029 617
893.030 617
894.030 618
895.030 616
896.031 616
897.031 615
898.031 611
899.032 619
900.032 620
901.033 619
902.033 616
903.033 615
904.033 615
905.033 616
906.034 613
907.034 618
908.034 613
909.034 615
910.035 615
911.035 614
912.035 623
913.036 621
914.036 621
915.036 622
916.037 611
917.037 610
918.037 610
919.037 606
920.038 602
921.038 596
922.038 601
923.038 603
924.039 604
925.039 612
926.039 613
927.039 610
928.040 607
929.040 604
930.040 600
931.040 600
932.041 599
933.041 590
934.041 592
935.042 592
936.042 592
937.042 588
938.042 592
939.043 591
940.043 588
941.043 588
942.044 590
943.044 585
944.044 584
945.045 581
946.045 575
947.045 574
948.046 569
949.046 566
950.046 567
951.047 566
952.047 564
953.047 574
954.048 577
955.048 583
956.048 584
957.049 578
958.049 581
959.049 581
960.050 583
961.050 580
962.050 575
963.051 575
964.051 576
965.051 576
966.051 582
967.052 583
968.052 582
969.052 585
970.053 582
971.053 582
972.054 584
973.054 583
974.054 583
975.055 589
976.055 588
977.055 586
978.056 586
979.056 595
980.057 597
981.057 604
982.057 598
983.058 599
984.058 598
985.058 599
986.058 599
987.059 601
988.059 597
989.059 595
990.060 595
991.060 593
992.060 590
993.060 589
994.061 587
995.061 586
996.061 581
997.061 580
998.062 581
999.062 584
1000.062 587
1001.063 590
1002.063 586
1003.063 586
1004.064 586
1005.064 588
1006.064 594
1007.065 590
1008.065 589
1009.066 591
1010.066 590
1011.066 588
1012.066 587
1013.067 586
1014.067 593
1015.067 593
1016.068 596
1017.068 603
1018.068 603
1019.068 602
1020.069 597
1021.069 598
1022.069 597
1023.070 599
1024.070 599
1025.071 600
1026.071 603
1027.072 601
1028.073 600
1029.073 598
1030.074 607
1031.074 606
1032.075 602
1033.075 600
1034.076 598
1035.076 595
1036.077 598
1037.077 602
1038.078 606
1039.078 606
1040.078 611
1041.079 609
1042.079 608
1043.080 603
1044.080 602
1045.080 601
1046.081 602
1047.081 604
1048.082 603
1049.082 602
1050.083 599
1051.083 595
1052.084 594
1053.084 594
1054.085 595
1055.085 598
1056.085 602
1057.086 596
1058.087 596
1059.087 599
1060.088 603
1061.088 603
1062.088 601
1063.089 600
1064.089 601
1065.090 603
1066.090 608
1067.091 608
1068.091 609
1069.092 615
1070.092 616
1071.093 615
1072.093 612
1073.094 613
1074.094 613
1075.095 616
1076.096 613
1077.096 617
1078.096 621
1079.097 623
1080.097 623
1081.098 620
1082.099 621
1083.099 620
1084.099 618
1085.100 623
1086.100 621
1087.101 623
1088.101 628
1089.102 626
1090.102 629
1091.103 632
1092.103 627
1093.104 626
1094.104 623
1095.105 619
1096.106 619
1097.106 619
1098.107 616
1099.107 612
1100.108 611
1101.108 609
1102.109 605
1103.109 611
1104.110 619
1105.110 617
1106.111 615
1107.111 612
1108.113 607
1109.113 613
1110.114 610
1111.114 612
1112.115 613
1113.115 615
1114.116 612
1115.116 615
1116.117 613
1117.118 610
1118.118 611
1119.119 610
1120.119 611
1121.120 609
1122.120 608
1123.121 604
1124.121 610
1125.122 609
1126.123 607
1127.123 606
1128.124 606
1129.124 603
1130.125 605
1131.125 598
1132.126 598
1133.126 598
1134.127 595
1135.127 596
1136.128 596
1137.128 594
1138.129 597
1139.129 595
1140.130 593
1141.130 600
1142.131 609
1143.132 617
1144.132 617
1145.133 619
1146.133 618
1147.134 615
1148.134 613
1149.135 616
1150.135 619
1151.136 618
1152.136 621
1153.137 619
1154.137 618
1155.138 616
1156.138 616
1157.139 610
1158.139 608
1159.140 604
1160.140 604
1161.141 609
1162.141 607
1163.141 610
1164.142 606
1165.142 607
1166.143 607
1167.144 611
1168.144 608
1169.145 605
1170.145 607
1171.146 607
1172.146 604
1173.147 605
1174.148 603
1175.148 604
1176.149 607
1177.149 604
1178.150 605
1179.150 603
1180.151 600
1181.151 603
1182.152 609
1183.152 614
1184.152 614
1185.153 614
1186.153 611
1187.154 607
1188.154 603
1189.154 602
1190.155 603
1191.156 604
1192.156 604
1193.157 611
1194.157 616
1195.157 617
1196.158 620
1197.158 619
1198.159 619
1199.159 621
1200.160 624
1201.160 622
1202.161 621
1203.161 617
1204.162 622
1205.162 627
1206.163 629
1207.163 629
1208.164 625
1209.164 621
1210.165 621
1211.165 627
1212.166 624
1213.166 620
1214.167 616
1215.167 619
1216.167 613
1217.168 613
1218.168 609
1219.169 605
1220.170 611
1221.170 614
1222.171 616
1223.171 614
1224.171 618
1225.172 619
1226.172 619
1227.173 622
1228.173 628
1229.174 633
1230.174 631
1231.175 630
1232.175 630
1233.176 626
1234.177 631
1235.177 627
1236.178 624
1237.178 624
1238.179 622
1239.179 622
1240.180 617
1241.180 621
1242.181 624
1243.181 628
1244.182 623
1245.182 624
1246.183 626
1247.183 628
1248.184 623
1249.184 624
1250.185 624
1251.185 625
1252.186 628
1253.186 626
1254.187 622
1255.187 627
1256.188 625
1257.188 617
1258.188 615
1259.189 615
1260.190 615
1261.190 611
1262.191 612
1263.191 615
1264.192 611
1265.192 610
1266.193 613
1267.194 611
1268.195 616
1269.195 618
1270.196 616
1271.196 618
1272.196 617
1273.197 620
1274.197 623
1275.198 623
1276.199 623
1277.199 626
1278.200 629
1279.200 630
1280.201 630
1281.201 628
1282.202 630
1283.202 631
1284.203 630
1285.203 624
1286.204 619
1287.205 614
1288.205 611
1289.206 608
1290.206 608
1291.207 611
1292.207 614
1293.208 618
1294.208 626
1295.209 634
1296.209 636
1297.210 635
1298.210 638
1299.211 635
1300.211 638
1301.212 643
1302.212 641
1303.213 641
1304.213 642
1305.214 640
1306.214 637
1307.214 638
1308.215 645
1309.215 649
1310.216 648
1311.217 650
1312.217 648
1313.218 648
1314.219 644
1315.219 644
1316.220 646
1317.221 642
1318.221 642
1319.222 646
1320.222 648
1321.223 645
1322.223 645
1323.224 640
1324.224 637
1325.225 637
1326.225 637
1327.225 643
1328.226 639
1329.226 640
1330.227 637
1331.427 634
1332.428 639
1333.428 642
1334.429 640
1335.430 638
1336.430 630
1337.430 629
1338.431 631
1339.431 634
1340.432 636
1341.432 641
1342.433 637
1343.433 640
1344.434 639
1345.434 637
1346.435 637
1347.435 632
1348.436 629
1349.436 625
1350.437 622
1351.437 620
1352.438 623
1353.438 624
1354.439 625
1355.439 624
1356.440 626
1357.441 623
1358.441 622
1359.442 625
1360.442 624
1361.443 627
1362.443 627
1363.444 627
1364.444 627
1365.445 627
1366.445 635
1367.446 638
1368.446 636
1369.446 640
1370.447 634
1371.447 636
1372.448 633
1373.448 630
1374.449 632
1375.449 636
1376.450 630
1377.450 628
1378.451 627
1379.451 627
1380.452 629
1381.452 628
1382.453 626
1383.453 625
1384.454 627
1385.454 630
1386.454 632
1387.455 638
1388.455 635
1389.456 642
1390.456 648
1391.457 645
1392.457 643
1393.458 644
1394.458 639
1395.459 637
1396.459 638
1397.460 637
1398.461 636
1399.461 634
1400.463 635
1401.463 631
1402.464 630
1403.464 628
1404.465 626
1405.465 621
1406.465 617
1407.466 618
1408.467 614
1409.467 625
1410.468 618
1411.468 617
1412.469 618
1413.469 615
1414.469 621
1415.470 616
1416.470 613
1417.470 611
1418.471 611
1419.472 610
1420.472 609
1421.473 606
1422.474 606
1423.474 607
1424.475 606
1425.475 606
1426.476 604
1427.476 603
1428.477 602
1429.477 610
1430.478 612
1431.478 610
1432.479 608
1433.479 606
1434.480 607
1435.480 612
1436.481 609
1437.481 608
1438.482 611
1439.483 608
1440.483 611
1441.484 614
1442.484 616
1443.485 614
1444.486 614
1445.486 616
1446.486 615
1447.487 614
1448.487 620
1449.488 626
1450.488 628
1451.489 626
1452.489 627
1453.490 625
1454.490 623
1455.491 623
1456.491 619
1457.492 619
1458.492 620
1459.493 624
1460.493 622
1461.494 617
1462.494 616
1463.495 611
1464.495 611
1465.496 610
1466.496 608
1467.497 607
1468.498 609
1469.498 605
1470.499 601
1471.500 596
1472.500 595
1473.501 590
1474.501 589
1475.502 583
1476.503 589
1477.503 602
1478.504 601
1479.504 601
1480.505 598
1481.505 598
1482.506 596
1483.506 597
1484.507 594
1485.507 594
1486.508 593
1487.508 599
1488.509 596
1489.510 597
1490.510 598
1491.510 597
1492.511 597
1493.511 606
1494.512 606
1495.512 607
1496.513 607
1497.513 609
1498.514 612
1499.514 614
1500.515 616
1501.515 618
1502.516 620
1503.516 621
1504.517 617
1505.517 614
1506.518 622
1507.518 623
1508.519 624
1509.519 620
1510.520 613
1511.520 614
1512.520 616
1513.521 624
1514.521 624
1515.522 624
1516.523 624
1517.524 623
1518.524 624
1519.525 626
1520.525 628
1521.526 627
1522.526 625
1523.527 627
1524.527 621
1525.528 618
1526.528 623
1527.529 619
1528.529 619
1529.529 618
1530.530 621
1531.530 615
1532.531 613
1533.531 611
1534.531 609
1535.532 607
1536.532 605
1537.533 602
1538.533 601
1539.534 602
1540.534 600
1541.534 599
1542.535 598
1543.535 600
1544.536 599
1545.536 599
1546.537 597
1547.537 600
1548.537 600
1549.538 599
1550.538 596
1551.539 595
1552.539 597
1553.540 592
1554.540 587
1555.541 594
1556.541 591
1557.554 590
1558.554 600
1559.555 598
1560.555 599
1561.555 605
1562.556 606
1563.556 607
1564.557 605
1565.557 604
1566.558 599
1567.558 596
1568.559 595
1569.559 592
1570.560 591
1571.560 592
1572.561 594
1573.561 592
1574.562 596
1575.562 594
1576.563 592
1577.563 591
1578.564 594
1579.564 588
1580.565 590
1581.565 591
1582.566 592
1583.566 584
1584.567 584
1585.567 586
1586.568 594
1587.568 593
1588.568 596
1589.569 596
1590.569 597
1591.570 597
1592.570 592
1593.571 592
1594.571 591
1595.571 588
1596.572 589
1597.572 591
1598.573 589
1599.573 588
1600.574 589
1601.574 593
1602.575 590
1603.575 589
1604.576 588
1605.576 590
1606.577 589
1607.577 585
1608.578 585
1609.578 584
1610.578 583
1611.579 583
1612.579 585
1613.580 585
1614.580 588
1615.581 590
1616.581 589
1617.582 586
1618.582 588
1619.582 585
1620.583 590
1621.583 595
1622.584 595
1623.584 598
1624.585 600
1625.585 608
1626.585 610
1627.586 609
1628.587 606
1629.587 603
1630.587 604
1631.588 604
1632.588 603
1633.589 607
1634.589 608
1635.590 611
1636.590 611
1637.591 616
1638.591 614
1639.592 615
1640.592 616
1641.593 611
1642.593 612
1643.593 616
1644.594 621
1645.594 621
1646.595 622
1647.595 626
1648.596 623
1649.596 622
1650.596 627
1651.597 629
1652.597 629
1653.598 631
1654.599 634
1655.599 629
1656.599 630
1657.600 635
1658.601 636
1659.601 635
1660.601 637
1661.602 637
1662.602 641
1663.603 644
1664.603 643
1665.604 646
1666.604 648
1667.605 650
1668.605 651
1669.606 651
1670.606 651
1671.607 653
1672.607 649
1673.608 645
1674.608 648
1675.609 650
1676.609 644
1677.610 646
1678.610 650
1679.611 655
1680.611 654
1681.612 653
1682.612 651
1683.613 659
1684.613 663
1685.614 660
1686.614 664
1687.614 664
1688.615 668
1689.615 660
1690.616 664
1691.616 664
1692.617 665
1693.617 664
1694.618 664
1695.618 665
1696.619 665
1697.619 672
1698.620 672
1699.620 674
1700.621 674
1701.621 675
1702.622 679
1703.622 683
1704.622 680
1705.623 679
1706.623 680
1707.624 683
1708.624 684
1709.625 681
1710.625 688
1711.626 690
1712.626 693
1713.627 690
1714.627 688
1715.628 686
1716.628 685
1717.629 685
1718.629 690
1719.630 687
1720.630 686
1721.631 685
1722.631 682
1723.632 678
1724.632 671
1725.633 678
1726.633 679
1727.634 678
1728.634 676
1729.635 671
1730.635 669
1731.635 668
1732.636 666
1733.637 668
1734.637 664
1735.638 660
1736.638 659
1737.639 661
1738.639 661
1739.640 658
1740.640 656
1741.641 656
1742.641 656
1743.642 655
1744.642 653
1745.642 653
1746.643 651
1747.643 644
1748.644 644
1749.644 643
1750.645 641
1751.645 649
1752.646 653
1753.646 650
1754.647 647
1755.647 650
1756.648 650
1757.648 649
1758.649 646
1759.649 644
1760.650 643
1761.650 640
1762.651 641
1763.651 636
1764.652 632
1765.652 633
1766.653 635
1767.653 639
1768.654 634
1769.654 629
1770.655 627
1771.656 627
1772.656 629
1773.657 623
1774.657 621
1775.657 624
1776.658 623
1777.658 626
1778.659 630
1779.659 630
1780.660 630
1781.660 623
1782.661 618
1783.663 619
1784.664 617
1785.664 617
1786.665 619
1787.665 616
1788.666 618
1789.667 619
1790.667 619
1791.668 616
1792.668 619
1793.669 617
1794.669 619
1795.670 620
1796.670 624
1797.671 620
1798.671 618
1799.672 621
1800.672 624
1801.673 625
1802.673 622
1803.674 621
1804.674 625
1805.675 621
1806.675 615
1807.676 612
1808.676 613
1809.677 612
1810.677 608
1811.677 603
1812.678 602
1813.679 602
1814.679 599
1815.680 600
1816.681 602
1817.681 604
1818.681 609
1819.682 608
1820.682 609
1821.683 608
1822.683 608
1823.684 607
1824.884 603
1825.885 605
1826.885 608
1827.886 607
1828.886 606
1829.887 602
1830.887 610
1831.888 612
1832.888 609
1833.889 611
1834.889 610
1835.889 611
1836.890 606
1837.890 608
1838.891 610
1839.891 606
1840.892 602
1841.892 602
1842.893 599
1843.893 604
1844.894 603
1845.895 613
1846.895 615
1847.896 616
1848.896 616
1849.897 615
1850.897 618
1851.898 618
1852.899 618
1853.899 623
1854.899 623
1855.900 624
1856.900 621
1857.901 618
1858.901 621
1859.902 619
1860.903 618
1861.903 616
1862.904 614
1863.904 615
1864.905 610
1865.905 607
1866.906 612
1867.906 616
1868.907 616
1869.907 614
1870.908 611
1871.908 608
1872.909 606
1873.909 611
1874.910 613
1875.910 615
1876.911 612
1877.911 612
1878.912 610
1879.912 611
1880.913 608
1881.913 603
1882.913 600
1883.914 598
1884.915 598
1885.915 594
1886.916 590
1887.916 585
1888.917 584
1889.917 586
1890.918 588
1891.918 590
1892.919 591
1893.919 596
1894.919 595
1895.920 593
1896.921 595
1897.933 598
1898.934 596
1899.934 597
1900.935 596
1901.935 598
1902.936 598
1903.937 601
1904.937 602
1905.938 598
1906.938 596
1907.939 598
1908.939 600
1909.939 597
1910.940 592
1911.941 592
1912.941 589
1913.942 590
1914.942 594
1915.943 594
1916.943 594
1917.944 595
1918.944 597
1919.945 594
1920.946 599
1921.946 598
1922.947 597
1923.947 594
1924.948 594
1925.948 590
1926.949 593
1927.950 593
1928.950 590
1929.951 593
1930.951 590
1931.952 586
1932.952 586
1933.953 590
1934.953 588
1935.953 590
1936.954 599
1937.955 601
1938.955 603
1939.956 604
1940.956 600
1941.957 600
1942.957 599
1943.958 600
1944.958 596
1945.958 594
1946.959 595
1947.959 597
1948.960 598
1949.960 600
1950.961 600
1951.962 599
1952.962 604
1953.963 601
1954.963 600
1955.964 597
1956.964 602
1957.965 602
1958.965 600
1959.966 605
1960.966 600
1961.967 602
1962.967 600
1963.968 597
1964.968 598
1965.968 596
1966.969 600
1967.969 603
1968.970 601
1969.970 604
1970.971 611
1971.972 614
1972.972 612
1973.973 605
1974.973 604
1975.973 603
1976.974 605
1977.974 601
1978.975 598
1979.975 597
1980.976 596
1981.977 595
1982.977 594
1983.978 591
1984.978 587
1985.979 584
1986.979 587
1987.979 587
1988.980 584
1989.980 582
1990.981 584
1991.981 585
1992.982 587
1993.982 588
1994.983 590
1995.983 591
1996.984 591
1997.984 590
1998.984 587
1999.985 583
2000.986 584
2001.986 581
2002.986 576
2003.987 577
2004.987 576
2005.988 571
2006.989 567
2007.989 564
2008.990 561
2009.990 559
2010.991 560
2011.991 552
2012.992 549
2013.992 543
2014.993 541
2015.994 538
2016.994 537
2017.995 542
2018.995 551
2019.996 550
2020.997 551
2021.997 553
2022.998 551
2023.998 548
2024.999 546
2025.999 541
2027.000 545
2028.000 548
2029.001 549
2030.001 548
2031.001 550
2032.002 555
2033.002 557
2034.003 558
2035.003 558
2036.004 557
2037.004 557
2038.005 564
2039.005 571
2040.006 574
2041.006 578
2042.007 577
2043.007 576
2044.008 575
2045.008 572
2046.009 571
2047.009 574
2048.010 576
2049.011 574
2050.012 574
2051.013 573
2052.014 567
2053.015 564
2054.016 561
2055.017 559
2056.018 559
2057.019 557
2058.020 556
2059.021 555
2060.021 553
2061.022 548
2062.023 549
2063.024 547
2064.025 546
2065.026 544
2066.027 542
2067.028 546
2068.029 547
2069.030 538
2070.031 537
2071.032 539
2072.033 540
2073.034 537
2074.035 540
2075.036 533
2076.037 536
2077.038 537
2078.039 538
2079.040 540
2080.041 542
2081.042 539
2082.043 537
2083.044 539
2084.045 546
2085.046 546
2086.047 547
2087.048 554
2088.049 556
2089.050 560
2090.051 559
2091.052 559
2092.053 559
2093.054 559
2094.055 561
2095.056 558
2096.057 554
2097.058 553
2098.059 551
2099.060 549
2100.061 548
2101.062 548
2102.063 548
2103.064 547
2104.065 550
2105.066 552
2106.067 559
2107.068 561
2108.069 558
2109.070 559
2110.071 559
2111.072 559
2112.073 560
2113.074 557
2114.075 553
2115.076 556
2116.077 559
2117.078 566
2118.079 562
2119.080 560
2120.081 558
2121.082 558
2122.083 562
2123.084 562
2124.085 560
2125.086 557
2126.087 562
2127.088 565
2128.089 560
2129.090 561
2130.091 560
2131.092 557
2132.093 556
2133.094 555
2134.095 555
2135.096 557
2136.097 556
2137.098 557
2138.099 562
2139.100 567
2140.101 563
2141.102 562
2142.103 562
2143.104 567
2144.104 565
2145.105 564
2146.106 567
2147.107 565
2148.108 566
2149.109 562
2150.110 561
2151.111 557
2152.112 559
2153.113 561
2154.114 562
2155.115 562
2156.116 558
2157.117 557
2158.118 558
2159.119 558
2160.120 562
2161.122 564
2162.123 564
2163.124 561
2164.125 563
2165.126 567
2166.127 567
2167.128 574
2168.129 573
2169.130 569
2170.131 566
2171.132 570
2172.133 568
2173.134 569
2174.135 578
2175.135 575
2176.136 570
2177.137 569
2178.138 565
2179.139 562
2180.140 561
2181.141 561
2182.142 564
2183.143 561
2184.144 564
2185.145 563
2186.146 564
2187.147 568
2188.148 568
2189.149 566
2190.150 570
2191.151 572
2192.152 573
2193.153 569
2194.154 571
2195.155 572
2196.156 569
2197.157 568
2198.158 572
2199.159 574
2200.160 578
2201.161 578
2202.162 576
2203.163 577
2204.164 577
2205.165 580
2206.166 578
2207.167 577
2208.168 578
2209.169 583
2210.170 584
2211.171 585
2212.172 582
2213.173 583
2214.174 585
2215.175 584
2216.176 583
2217.177 581
2218.177 583
2219.178 588
2220.179 588
2221.180 587
2222.181 585
2223.182 589
2224.183 587
2225.184 590
2226.185 591
2227.186 588
2228.187 585
2229.188 585
2230.189 582
2231.190 577
2232.191 578
2233.192 583
2234.193 583
2235.194 581
2236.196 586
2237.197 583
2238.198 581
2239.198 580
2240.199 580
2241.200 577
2242.201 577
2243.202 578
2244.203 578
2245.205 579
2246.207 582
2247.208 588
2248.210 589
2249.211 596
2250.213 590
2251.214 590
2252.215 592
2253.216 586
2254.217 585
2255.218 586
2256.219 581
2257.220 581
2258.221 580
2259.222 586
2260.223 589
2261.224 590
2262.225 593
2263.226 591
2264.227 587
2265.228 589
2266.229 583
2267.230 580
2268.231 578
2269.232 577
2270.233 579
2271.234 575
2272.235 578
2273.236 575
2274.237 575
2275.238 585
2276.239 585
2277.240 587
2278.241 588
2279.242 599
2280.243 596
2281.244 594
2282.245 594
2283.246 591
2284.247 591
2285.248 595
2286.249 595
2287.250 592
2288.251 599
2289.252 604
2290.253 608
2291.254 612
2292.255 612
2293.256 615
2294.257 614
2295.258 612
2296.259 617
2297.260 617
2298.261 620
2299.262 620
2300.263 620
2301.264 617
2302.265 619
2303.266 617
2304.267 615
2305.268 615
2306.269 609
2307.270 606
2308.271 604
2309.272 606
2310.273 605
2311.274 605
2312.275 605
2313.276 604
2314.277 600
2315.278 600
2316.279 599
2317.280 600
2318.281 595
2319.281 587
2320.282 584
2321.283 586
2322.284 587
2323.285 585
2324.286 584
2325.287 583
2326.288 581
2327.289 579
2328.290 576
2329.291 579
2330.292 579
2331.293 577
2332.294 579
2333.295 578
2334.296 574
2335.297 568
2336.298 564
2337.299 559
2338.300 558
2339.301 556
2340.302 555
2341.303 552
2342.304 552
2343.305 554
2344.306 554
2345.307 557
2346.308 557
2347.309 562
2348.310 563
2349.311 562
2350.312 562
2351.313 562
2352.314 568
2353.315 575
2354.316 571
2355.317 569
2356.318 563
2357.319 560
2358.320 559
2359.321 559
2360.322 561
2361.323 557
2362.323 555
2363.324 554
2364.325 553
2365.326 551
2366.327 552
2367.328 552
2368.329 551
2369.330 557
2370.331 558
2371.532 559
2372.333 558
2373.334 560
2374.335 564
2375.336 562
2376.337 564
2377.539 565
2378.340 568
2379.341 568
2380.342 563
2381.543 561
2382.544 555
2383.545 556
2384.546 559
2385.547 564
2386.548 564
2387.549 566
2388.550 567
2389.551 568
2390.552 565
2391.552 568
2392.553 574
2393.554 572
2394.555 575
2395.556 580
2396.557 580
2397.558 585
2398.559 588
2399.560 585
2400.561 583
2401.363 579
2402.564 589
2403.565 594
2404.566 591
2405.567 587
2406.568 586
2407.569 582
2408.570 586
2409.571 583
2410.572 583
2411.573 588
2412.574 590
2413.575 590
2414.576 587
2415.577 585
2416.578 587
2417.579 586
2418.580 591
2419.581 589
2420.582 589
2421.583 589
2422.583 591
2423.584 594
2424.585 597
2425.586 595
2426.587 598
2427.588 597
2428.589 602
2429.590 602
2430.591 603
2431.592 603
2432.593 607
2433.594 609
2434.595 609
2435.596 609
2436.597 610
2437.598 605
2438.599 609
2439.600 608
2440.601 609
2441.602 612
2442.603 616
2443.604 616
2444.605 614
2445.606 612
2446.607 611
2447.608 611
2448.609 610
2449.610 610
2450.611 614
2451.612 616
2452.613 613
2453.614 613
2454.615 621
2455.616 621
2456.617 617
2457.618 618
2458.619 618
2459.620 620
2460.621 621
2461.622 621
2462.623 615
2463.624 614
2464.625 615
2465.626 612
2466.627 611
2467.628 611
2468.629 611
2469.630 606
2470.631 612
2471.632 607
2472.633 605
2473.634 603
2474.635 601
2475.635 603
2476.636 601
2477.637 603
2478.638 607
2479.639 610
2480.640 611
2481.641 612
2482.642 612
2483.643 608
2484.644 613
2485.645 612
2486.646 613
2487.647 613
2488.648 610
2489.649 603
2490.650 601
2491.651 599
2492.652 599
2493.653 594
2494.654 592
2495.655 588
2496.656 588
2497.657 585
2498.658 581
2499.659 578
2500.660 579
2501.661 577
2502.662 577
2503.663 578
2504.664 583
2505.665 578
2506.666 574
2507.667 575
2508.668 572
2509.669 579
2510.670 578
2511.671 582
2512.672 576
2513.673 576
2514.674 576
2515.675 575
2516.676 571
2517.677 582
2518.678 585
2519.679 581
2520.680 586
2521.681 584
2522.682 582
2523.683 579
2524.684 580
2525.685 590
2526.686 587
2527.687 587
2528.688 584
2529.689 585
2530.690 586
2531.691 586
2532.692 584
2533.693 585
2534.694 588
2535.695 586
2536.696 583
2537.697 580
2538.698 582
2539.698 581
2540.699 582
2541.700 581
2542.701 589
2543.702 590
2544.704 591
2545.705 592
2546.706 592
2547.707 586
2548.708 585
2549.709 585
2550.710 588
2551.711 585
2552.712 586
2553.713 588
2554.714 591
2555.715 590
2556.716 589
2557.717 592
2558.718 590
2559.719 590
2560.720 586
2561.721 587
2562.722 589
2563.723 586
2564.724 590
2565.725 589
2566.726 589
2567.727 586
2568.728 588
2569.729 588
2570.730 587
2571.731 587
2572.732 586
2573.733 591
2574.734 590
2575.735 590
2576.737 593
2577.738 596
2578.739 605
2579.740 608
2580.741 604
2581.742 605
2582.743 606
2583.744 610
2584.745 607
2585.746 614
2586.747 615
2587.748 614
2588.749 611
2589.750 612
2590.750 617
2591.751 618
2592.752 617
2593.753 618
2594.754 616
2595.755 618
2596.756 613
2597.757 610
2598.758 611
2599.759 609
2600.760 611
2601.761 612
2602.762 609
2603.763 610
2604.764 605
2605.765 604
2606.766 605
2607.767 606
2608.768 602
2609.769 605
2610.770 605
2611.771 604
2612.772 604
2613.773 608
2614.774 607
2615.775 606
2616.776 601
2617.777 602
2618.778 597
2619.779 598
2620.781 597
2621.781 600
2622.782 597
2623.783 605
2624.784 602
2625.785 601
2626.786 599
2627.787 602
2628.788 600
2629.789 601
2630.790 598
2631.791 604
2632.793 608
2633.794 608
2634.795 606
2635.796 610
2636.797 612
2637.798 610
2638.799 612
2639.800 614
2640.801 613
2641.802 612
2642.803 607
2643.804 605
2644.805 604
2645.806 601
2646.807 602
2647.808 600
2648.809 604
2649.810 604
2650.811 607
2651.812 609
2652.812 612
2653.813 614
2654.814 612
2655.815 609
2656.816 610
2657.817 616
2658.818 618
2659.819 615
2660.820 619
2661.821 617
2662.822 619
2663.823 620
2664.824 619
2665.825 620
2666.826 621
2667.827 622
2668.828 623
2669.829 624
2670.830 633
2671.831 633
2672.832 639
2673.833 637
2674.834 633
2675.835 631
2676.836 633
2677.837 634
2678.838 634
2679.839 641
2680.840 640
2681.841 646
2682.842 644
2683.843 640
2684.844 641
2685.845 641
2686.846 639
2687.847 642
2688.848 640
2689.849 647
2690.850 644
2691.851 646
2692.852 645
2693.853 645
2694.854 644
2695.855 644
2696.856 647
2697.857 645
2698.858 642
2699.859 642
2700.860 644
2701.861 646
2702.862 647
2703.863 650
2704.864 651
2705.865 653
2706.865 655
2707.866 654
2708.867 653
2709.868 649
2710.869 651
2711.870 656
2712.871 659
2713.872 658
2714.873 658
2715.874 653
2716.875 658
2717.876 656
2718.877 655
2719.878 657
2720.879 664
2721.880 663
2722.881 660
2723.882 658
2724.883 653
2725.884 655
2726.885 649
2727.886 654
2728.887 651
2729.888 652
2730.889 650
2731.890 649
2732.891 644
2733.892 643
2734.893 643
2735.894 649
2736.895 657
2737.896 656
2738.897 655
2739.898 652
2740.899 648
2741.900 651
2742.901 655
2743.902 654
2744.903 653
2745.904 656
2746.905 653
2747.906 655
2748.907 651
2749.908 653
2750.909 655
2751.910 659
2752.911 663
2753.912 666
2754.913 668
2755.914 669
2756.915 670
2757.916 667
2758.917 663
2759.918 658
2760.919 660
2761.920 659
2762.921 660
2763.922 659
2764.923 659
2765.924 655
2766.925 652
2767.926 653
2768.927 644
2769.927 641
2770.928 642
2771.929 643
2772.930 640
2773.931 637
2774.932 638
2775.933 637
2776.934 638
2777.935 636
2778.936 634
2779.937 636
2780.938 638
2781.939 639
2782.940 644
2783.941 649
2784.942 647
2785.943 649
2786.944 649
2787.945 651
2788.946 650
2789.947 650
2790.948 651
2791.949 655
2792.950 656
2793.951 660
2794.952 659
2795.953 660
2796.954 655
2797.955 657
2798.956 661
2799.957 664
2800.958 663
2801.959 662
2802.960 661
2803.961 661
2804.962 661
2805.963 664
2806.964 663
2807.965 663
2808.966 659
2809.967 658
2810.968 662
2811.969 663
2812.970 658
2813.971 655
2814.972 655
2815.973 655
2816.974 651
2817.975 648
2818.976 644
2819.977 645
2820.978 651
2821.979 651
2822.980 651
2823.981 649
2824.982 649
2825.983 652
2826.984 652
2827.985 654
2828.986 655
2829.987 658
2830.988 658
2831.989 659
2832.990 658
2833.990 664
2834.991 668
2835.992 665
2836.993 660
2837.994 660
2838.995 660
2839.996 665
2840.997 664
2841.998 663
2842.999 660
2844.000 660
2845.001 655
2846.002 653
2847.003 656
2848.004 659
2849.005 659
2850.006 657
2851.007 655
2852.008 653
2853.009 647
2854.010 652
2855.011 650
2856.012 652
2857.013 653
2858.014 651
2859.215 652
2860.216 653
2861.217 654
2862.218 653
2863.219 648
2864.220 652
2865.221 656
2866.222 658
2867.223 662
2868.224 666
2869.225 660
2870.226 656
2871.227 655
2872.228 656
2873.229 652
2874.230 653
2875.231 654
2876.232 654
2877.233 653
2878.234 651
2879.235 649
2880.236 648
2881.237 649
2882.238 651
2883.239 649
2884.240 650
2885.240 651
2886.241 650
2887.242 646
2888.243 646
2889.244 644
2890.245 637
2891.246 640
2892.247 643
2893.248 644
2894.249 640
2895.250 639
2896.251 640
2897.252 640
2898.253 638
2899.254 638
2900.255 638
2901.256 638
2902.257 635
2903.258 632
2904.259 632
2905.260 641
2906.261 647
2907.262 644
2908.263 648
2909.264 653
2910.265 653
2911.266 656
2912.267 656
2913.268 655
2914.269 658
2915.270 661
2916.271 658
2917.272 653
2918.273 650
2919.274 646
2920.275 645
2921.276 646
2922.277 651
2923.278 649
2924.279 647
2925.280 644
2926.281 643
2927.282 643
2928.283 639
2929.284 637
2930.285 636
2931.286 641
2932.287 638
2933.288 633
2934.289 630
2935.290 629
2936.291 627
2937.292 630
2938.293 633
2939.294 629
2940.295 626
2941.296 624
2942.297 619
2943.298 621
2944.299 618
2945.300 611
2946.301 612
2947.302 612
2948.302 613
2949.303 613
2950.304 613
2951.305 611
2952.306 607
2953.307 604
2954.308 601
2955.309 598
2956.310 598
2957.311 597
2958.312 596
2959.313 600
2960.314 598
2961.315 598
2962.316 593
2963.317 596
2964.318 599
2965.319 596
2966.320 592
2967.321 591
2968.322 592
2969.323 592
2970.324 590
2971.325 594
2972.326 598
2973.327 600
2974.328 600
2975.329 597
2976.330 596
2977.331 596
2978.332 595
2979.333 593
2980.334 592
2981.335 589
2982.336 588
2983.337 590
2984.338 588
2985.339 584
2986.340 580
2987.341 575
2988.342 573
2989.343 575
2990.344 577
2991.344 576
2992.345 573
2993.346 574
2994.347 570
2995.348 573
2996.349 573
2997.350 572
2998.351 572
2999.352 568
3000.353 567
3001.354 568
3002.355 568
3003.356 568
3004.357 570
3005.358 568
3006.359 570
3007.360 571
3008.361 572
3009.362 565
3010.363 565
3011.364 559
3012.365 565
3013.366 565
3014.367 568
3015.368 568
3016.369 570
3017.370 574
3018.371 572
3019.372 570
3020.373 568
3021.374 569
3022.375 567
3023.376 565
3024.377 559
3025.378 560
3026.379 560
3027.380 559
3028.381 564
3029.382 563
3030.383 560
3031.384 558
3032.385 551
3033.385 549
3034.386 547
3035.387 546
3036.388 547
3037.389 546
3038.390 546
3039.391 548
3040.392 553
3041.393 556
3042.394 550
3043.395 544
3044.396 544
3045.397 545
3046.398 542
3047.399 541
3048.400 544
3049.401 546
3050.402 543
3051.403 543
3052.404 541
3053.405 538
3054.406 535
3055.407 531
3056.408 533
3057.409 535
3058.410 539
3059.411 545
3060.412 542
3061.413 545
3062.414 548
3063.415 556
3064.416 559
3065.417 559
3066.418 563
3067.419 570
3068.421 576
3069.422 576
3070.423 572
3071.424 576
3072.425 579
3073.426 580
3074.427 577
3075.428 578
3076.429 576
3077.430 575
3078.431 573
3079.432 573
3080.433 574
3081.434 575
3082.435 577
3083.436 574
3084.437 572
3085.438 570
3086.439 567
3087.440 564
3088.441 567
3089.442 567
3090.443 567
3091.444 566
3092.445 563
3093.446 565
3094.447 562
3095.448 563
3096.449 564
3097.450 560
3098.451 557
3099.452 557
3100.453 558
3101.454 556
3102.455 556
3103.456 554
3104.457 552
3105.458 550
3106.459 550
3107.460 544
3108.461 542
3109.462 543
3110.463 540
3111.464 539
3112.465 538
3113.466 537
3114.467 535
3115.468 532
3116.469 534
3117.469 530
3118.470 531
3119.471 533
3120.472 536
3121.473 538
3122.474 539
3123.475 538
3124.476 539
3125.477 540
3126.478 542
3127.479 541
3128.480 542
3129.481 537
3130.482 537
3131.483 534
3132.484 533
3133.485 538
3134.486 538
3135.487 538
3136.488 536
3137.489 537
3138.490 538
3139.491 535
3140.492 533
3141.493 532
3142.494 534
3143.495 535
3144.496 534
3145.497 530
3146.498 530
3147.499 530
3148.500 529
3149.501 527
3150.502 524
3151.503 526
3152.504 529
3153.505 532
3154.506 529
3155.507 532
3156.508 529
3157.509 534
3158.510 538
3159.511 536
3160.512 533
3161.513 528
3162.514 529
3163.516 530
3164.517 522
3165.518 521
3166.519 518
3167.520 521
3168.521 522
3169.521 526
3170.522 526
3171.523 529
3172.524 529
3173.525 530
3174.526 533
3175.527 536
3176.528 534
3177.529 539
3178.530 535
3179.531 537
3180.532 537
3181.533 534
3182.534 533
3183.535 534
3184.536 532
3185.537 529
3186.538 528
3187.540 528
3188.541 530
3189.542 525
3190.542 527
3191.543 528
3192.544 531
3193.545 536
3194.546 536
3195.547 535
3196.548 536
3197.549 530
3198.550 535
3199.551 536
3200.552 530
3201.553 533
3202.554 531
3203.555 536
3204.556 533
3205.557 532
3206.558 531
3207.559 531
3208.560 531
3209.561 531
3210.562 532
3211.563 537
3212.564 538
3213.565 536
3214.566 530
3215.567 529
3216.568 529
3217.569 529
3218.570 522
3219.571 522
3220.572 519
3221.573 521
3222.574 523
3223.575 523
3224.576 525
3225.577 534
3226.578 530
3227.579 526
3228.580 527
3229.581 524
3230.582 527
3231.583 526
3232.584 528
3233.585 528
3234.586 527
3235.587 531
3236.588 539
3237.589 544
3238.590 543
3239.591 544
3240.592 548
3241.593 549
3242.594 548
3243.594 547
3244.595 549
3245.596 556
3246.597 560
3247.598 554
3248.599 552
3249.600 548
3250.601 549
3251.602 548
3252.603 546
3253.604 547
3254.605 549
3255.606 548
3256.607 549
3257.608 548
3258.609 546
3259.610 542
3260.611 543
3261.612 544
3262.613 547
3263.614 545
3264.615 546
3265.616 546
3266.617 544
3267.618 544
3268.619 548
3269.620 549
3270.621 558
3271.622 552
3272.623 550
3273.624 552
3274.625 552
3275.626 556
3276.627 553
3277.628 554
3278.629 553
3279.630 549
3280.631 552
3281.632 553
3282.633 557
3283.634 559
3284.635 558
3285.636 555
3286.637 555
3287.638 554
3288.639 552
3289.640 556
3290.641 562
3291.642 560
3292.643 558
3293.644 558
3294.645 559
3295.646 557
3296.647 561
3297.648 566
3298.649 569
3299.650 568
3300.651 564
3301.652 563
3302.653 558
3303.654 557
3304.655 554
3305.656 556
3306.657 557
3307.658 555
3308.659 555
3309.660 553
3310.661 556
3311.662 552
3312.663 548
3313.664 546
3314.665 543
3315.666 545
3316.667 550
3317.667 548
3318.668 543
3319.669 539
3320.670 536
3321.671 535
3322.672 534
3323.673 533
3324.674 533
3325.675 528
3326.676 527
3327.677 529
3328.678 530
3329.679 532
3330.680 530
3331.681 528
3332.682 527
3333.683 528
3334.684 528
3335.685 528
3336.686 526
3337.687 536
3338.688 542
3339.689 548
3340.690 551
3341.691 552
3342.692 550
3343.693 550
3344.694 548
3345.695 547
3346.696 549
3347.697 549
3348.698 556
3349.699 557
3350.700 559
3351.701 560
3352.702 563
3353.703 562
3354.704 562
3355.705 560
3356.706 560
3357.707 557
3358.708 554
3359.709 557
3360.710 556
3361.711 555
3362.712 561
3363.713 560
3364.714 562
3365.715 564
3366.716 563
3367.717 563
3368.718 566
3369.719 567
3370.719 568
3371.720 563
3372.721 559
3373.722 557
3374.723 556
3375.724 555
3376.926 554
3377.927 554
3378.927 559
3379.928 556
3380.929 554
3381.930 550
3382.932 547
3383.933 539
3384.934 539
3385.935 539
3386.936 540
3387.937 538
3388.938 547
3389.938 550
3390.939 551
3391.940 553
3392.941 556
3393.942 560
3394.943 559
3395.944 562
3396.945 560
3397.946 564
3398.947 567
3399.948 577
3400.949 575
3401.950 575
3402.951 575
3403.952 572
3404.953 566
3405.954 567
3406.955 566
3407.956 566
3408.957 568
3409.958 568
3410.959 566
3411.960 563
3412.961 565
3413.962 563
3414.963 559
3415.964 560
3416.965 560
3417.966 564
3418.967 561
3419.968 563
3420.969 560
3421.970 563
3422.971 560
3423.972 563
3424.973 564
3425.974 566
3426.975 569
3427.976 569
3428.977 566
3429.978 571
3430.979 576
3431.979 576
3432.980 589
3433.981 587
3434.982 586
3435.983 584
3436.984 581
3437.985 577
3438.986 575
3439.987 573
3440.988 574
3441.989 577
3442.990 577
3443.991 576
3444.992 576
3445.993 577
3446.994 579
3447.995 577
3448.996 577
3449.997 573
3450.998 572
3451.999 576
3453.000 579
3454.001 576
3455.002 580
3456.003 580
3457.004 582
3458.005 580
3459.006 590
3460.007 591
3461.008 594
3462.009 595
3463.010 590
3464.011 591
3465.012 589
3466.013 590
3467.014 588
3468.015 586
3469.016 583
3470.017 583
3471.018 580
3472.019 580
3473.020 581
3474.021 585
3475.022 587
3476.024 585
3477.025 582
3478.026 579
3479.027 580
3480.028 583
3481.029 582
3482.030 579
3483.031 575
3484.032 574
3485.033 572
3486.034 571
3487.035 569
3488.036 568
3489.037 573
3490.038 576
3491.039 574
3492.040 573
3493.041 570
3494.042 570
3495.043 570
3496.044 567
3497.045 568
3498.046 564
3499.047 564
3500.048 561
3501.049 557
3502.050 554
3503.051 548
3504.052 545
3505.053 557
3506.054 560
3507.055 561
3508.056 558
3509.057 558
3510.058 557
3511.059 557
3512.060 559
3513.061 555
3514.062 556
3515.063 558
3516.064 557
3517.065 556
3518.066 552
3519.067 550
3520.068 549
3521.069 552
3522.070 552
3523.071 553
3524.072 549
3525.073 550
3526.073 550
3527.074 546
3528.075 547
3529.077 546
3530.078 541
3531.079 546
3532.080 549
3533.081 552
3534.082 553
3535.083 550
3536.084 548
3537.085 547
3538.086 545
3539.087 544
3540.088 553
3541.089 552
3542.090 552
3543.091 551
3544.092 549
3545.093 545
3546.094 544
3547.095 544
3548.096 542
3549.097 540
3550.098 540
3551.099 549
3552.100 549
3553.101 549
3554.102 548
3555.103 549
3556.104 548
3557.104 551
3558.105 555
3559.106 554
3560.107 557
3561.108 554
3562.109 554
3563.110 554
3564.111 551
3565.112 550
3566.113 551
3567.114 547
3568.115 551
3569.116 549
3570.117 551
3571.118 554
3572.119 550
3573.120 550
3574.121 550
3575.122 551
3576.123 552
3577.124 555
3578.125 556
3579.126 560
3580.127 563
3581.128 563
3582.129 563
3583.130 561
3584.131 562
3585.132 559
3586.133 560
3587.134 558
3588.135 559
3589.136 562
3590.137 557
3591.138 557
3592.139 554
3593.140 550
3594.141 547
3595.142 545
3596.143 541
3597.144 539
3598.145 537
3599.146 538
